name    head
spatial_sampling    taxel
taxel2Repr ( 3 3 3 3 3 3 -2 3 3 3 -2 3 15 15 15 15 15 15 -2 15 15 15 -2 15 27 27 27 27 27 27 -2 27 27 27 -2 27 39 39 39 39 39 39 -2 39 39 39 -2 39 51 51 51 51 51 51 -2 51 51 51 -2 51 63 63 63 63 63 63 -2 63 63 63 -2 63 75 75 75 75 75 75 -2 75 75 75 -2 75 87 87 87 87 87 87 -2 87 87 87 -2 87 99 99 99 99 99 99 -2 99 99 99 -2 99 -1 -1 -1 -1 -1 -1 -1 -1 -1 -1 -1 -1 -1 -1 -1 -1 -1 -1 -1 -1 -1 -1 -1 -1 -1 -1 -1 -1 -1 -1 -1 -1 -1 -1 -1 -1 147 147 147 147 147 147 -2 147 147 147 -2 147 159 159 159 159 159 159 -2 159 159 159 -2 159 -1 -1 -1 -1 -1 -1 -1 -1 -1 -1 -1 -1 183 183 183 183 183 183 -2 183 183 183 -2 183 195 195 195 195 195 195 -2 195 195 195 -2 195 207 207 207 207 207 207 -2 207 207 207 -2 207 219 219 219 219 219 219 -2 219 219 219 -2 219 231 231 231 231 231 231 -2 231 231 231 -2 231 243 243 243 243 243 243 -2 243 243 243 -2 243 255 255 255 255 255 255 -2 255 255 255 -2 255 267 267 267 267 267 267 -2 267 267 267 -2 267 279 279 279 279 279 279 -2 279 279 279 -2 279 291 291 291 291 291 291 -2 291 291 291 -2 291 -1 -1 -1 -1 -1 -1 -1 -1 -1 -1 -1 -1 -1 -1 -1 -1 -1 -1 -1 -1 -1 -1 -1 -1 -1 -1 -1 -1 -1 -1 -1 -1 -1 -1 -1 -1 339 339 339 339 339 339 -2 339 339 339 -2 339 351 351 351 351 351 351 -2 351 351 351 -2 351 -1 -1 -1 -1 -1 -1 -1 -1 -1 -1 -1 -1 375 375 375 375 375 375 -2 375 375 375 -2 375 )
[calibration]
0.04691685023096987123 0.01489118297289716668 0.00471935337102377325 0.86004073289100002597 0.23826324653500000061 -0.45117686456599997991
0.04643775400381192769 0.00940531587119443693 0.00120017478112829511 0.86004073289100002597 0.23826324653500000061 -0.45117686456599997991
0.04977106490984250370 0.00940045618018706813 0.00681881374329172153 0.86004073289100002597 0.23826324653500000061 -0.45117686456599997991
0.05025016113700046111 0.01488632328188979614 0.01033799233318720076 0.86004073289100002597 0.23826324653500000061 -0.45117686456599997991
0.05310488604255394346 0.00939559574531148751 0.01243831274509423629 0.86004073289100002597 0.23826324653500000061 -0.45117686456599997991
0.05643819694858451946 0.00939073605430411525 0.01805695170725766380 0.86004073289100002597 0.23826324653500000061 -0.45117686456599997991
0.00000000000000000000 0.00000000000000000000 0.00000000000000000000 0.00000000000000000000 0.00000000000000000000 0.00000000000000000000
0.05358347204303103711 0.01488146359088242214 0.01595663129535062827 0.86004073289100002597 0.23826324653500000061 -0.45117686456599997991
0.05072925736415839770 0.02037219038359252415 0.01385717092308267825 0.86004073289100002597 0.23826324653500000061 -0.45117686456599997991
0.04787516204217693444 0.02586000892865892090 0.01175647448869031331 0.86004073289100002597 0.23826324653500000061 -0.45117686456599997991
0.00000000000000000000 0.00000000000000000000 0.00000000000000000000 0.00000000000000000000 0.00000000000000000000 0.00000000000000000000
0.04739543623144696488 0.02037705081846810304 0.00823767192128016523 0.86004073289100002597 0.23826324653500000061 -0.45117686456599997991
0.04903884113728324695 0.02910938460615874676 0.02324882686201984808 0.89501515297300004992 0.38447196297500002560 -0.22611763671699999789
0.04612416722835627203 0.02911484681795841606 0.01739959313708948699 0.89501515297300004992 0.38447196297500002560 -0.22611763671699999789
0.04977013031589828940 0.02401114155304117856 0.01922695044564663724 0.89501515297300004992 0.38447196297500002560 -0.22611763671699999789
0.05268480422482524350 0.02400567934124150926 0.02507618417057699833 0.89501515297300004992 0.38447196297500002560 -0.22611763671699999789
0.05341665148748859365 0.01890665506888853514 0.02105458746602203307 0.89501515297300004992 0.38447196297500002560 -0.22611763671699999789
0.05706261457503060408 0.01380294980397129591 0.02288194477457918680 0.89501515297300004992 0.38447196297500002560 -0.22611763671699999789
0.00000000000000000000 0.00000000000000000000 0.00000000000000000000 0.00000000000000000000 0.00000000000000000000 0.00000000000000000000
0.05633076731236725393 0.01890197407632427523 0.02690354147913415206 0.89501515297300004992 0.38447196297500002560 -0.22611763671699999789
0.05559947813375220455 0.02400021712944184343 0.03092541789550735942 0.89501515297300004992 0.38447196297500002560 -0.22611763671699999789
0.05486705238346176183 0.02909789151785650493 0.03494439865560221292 0.89501515297300004992 0.38447196297500002560 -0.22611763671699999789
0.00000000000000000000 0.00000000000000000000 0.00000000000000000000 0.00000000000000000000 0.00000000000000000000 0.00000000000000000000
0.05195295696216190723 0.02910470361359447991 0.02909778087513196360 0.89501515297300004992 0.38447196297500002560 -0.22611763671699999789
0.03859005786729657883 0.04041006817968668952 0.01827920558580147306 0.83357413609399999554 0.46947156278699997412 -0.29111958259400000371
0.03922802044117125464 0.03557249045778307361 0.01393182309298156459 0.83357413609399999554 0.46947156278699997412 -0.29111958259400000371
0.04283691528864198156 0.03556649514831336512 0.01937754903505426243 0.83357413609399999554 0.46947156278699997412 -0.29111958259400000371
0.04219895271476729881 0.04040407287021697408 0.02372493152787417264 0.83357413609399999554 0.46947156278699997412 -0.29111958259400000371
0.04644636254616131554 0.03556049892114742511 0.02482410854913707707 0.83357413609399999554 0.46947156278699997412 -0.29111958259400000371
0.05005525739363204246 0.03555450361167773049 0.03026983449120977665 0.83357413609399999554 0.46947156278699997412 -0.29111958259400000371
0.00000000000000000000 0.00000000000000000000 0.00000000000000000000 0.00000000000000000000 0.00000000000000000000 0.00000000000000000000
0.04580784756223803267 0.04039807756074727252 0.02917065746994687223 0.83357413609399999554 0.46947156278699997412 -0.29111958259400000371
0.04156099014089262300 0.04524165059212059692 0.02807231402069408285 0.83357413609399999554 0.46947156278699997412 -0.29111958259400000371
0.03731487501950001701 0.05008265886495224389 0.02697227616759242594 0.83357413609399999554 0.46947156278699997412 -0.29111958259400000371
0.00000000000000000000 0.00000000000000000000 0.00000000000000000000 0.00000000000000000000 0.00000000000000000000 0.00000000000000000000
0.03795154288337329596 0.04524764681928652305 0.02262575450661126822 0.83357413609399999554 0.46947156278699997412 -0.29111958259400000371
0.03564866526495537313 0.05406916841487845876 0.03680030315747331859 0.88129750869900003174 0.46947156278599999624 -0.05395510074149999918
0.03256073237230440454 0.05407508025864033591 0.03104065694432900369 0.88129750869900003174 0.46947156278599999624 -0.05395510074149999918
0.03708238279341477539 0.04953585726795484839 0.03231745806827310274 0.88129750869900003174 0.46947156278599999624 -0.05395510074149999918
0.04017031568606573705 0.04952994542419299207 0.03807710428141741071 0.88129750869900003174 0.46947156278599999624 -0.05395510074149999918
0.04160472533918780497 0.04499593946279048517 0.03359445463093201772 0.88129750869900003174 0.46947156278599999624 -0.05395510074149999918
0.04612637576029816194 0.04045671647210501848 0.03487125575487611678 0.88129750869900003174 0.46947156278599999624 -0.05395510074149999918
0.00000000000000000000 0.00000000000000000000 0.00000000000000000000 0.00000000000000000000 0.00000000000000000000 0.00000000000000000000
0.04469196610717610096 0.04499072243350752537 0.03935390540536150977 0.88129750869900003174 0.46947156278599999624 -0.05395510074149999918
0.04325824857871670565 0.04952403358043112186 0.04383675049456171868 0.88129750869900003174 0.46947156278599999624 -0.05395510074149999918
0.04182340071272198229 0.05405683951689078948 0.04831668575568395796 0.88129750869900003174 0.46947156278599999624 -0.05395510074149999918
0.00000000000000000000 0.00000000000000000000 0.00000000000000000000 0.00000000000000000000 0.00000000000000000000 0.00000000000000000000
0.03873590603294368301 0.05406395138559549896 0.04255975393190281064 0.88129750869900003174 0.46947156278599999624 -0.05395510074149999918
0.03898065628262552956 0.04609494827433238684 0.05870974891662905648 0.84206606018499996491 0.46947156278500001836 0.26555828366000000518
0.03825025906077340887 0.05092435119585931452 0.05436782810668124716 0.84206606018499996491 0.46947156278500001836 0.26555828366000000518
0.04250461814042674064 0.04610437067005970085 0.05320666250596630537 0.84206606018499996491 0.46947156278500001836 0.26555828366000000518
0.04323501536227888215 0.04127496774853277317 0.05754858331591411469 0.84206606018499996491 0.46947156278500001836 0.26555828366000000518
0.04675962843071525959 0.04128365235449646398 0.05204531916675438769 0.84206606018499996491 0.46947156278500001836 0.26555828366000000518
0.05101398751036860524 0.03646367182869684337 0.05088415356603944589 0.84206606018499996491 0.46947156278500001836 0.26555828366000000518
0.00000000000000000000 0.00000000000000000000 0.00000000000000000000 0.00000000000000000000 0.00000000000000000000 0.00000000000000000000
0.04748937444193222085 0.03645498722273316644 0.05638741771519917290 0.84206606018499996491 0.46947156278500001836 0.26555828366000000518
0.04396541258413100978 0.03644556482700584549 0.06189050412586191707 0.84206606018499996491 0.46947156278500001836 0.26555828366000000518
0.04044154003226173993 0.03643816239971552767 0.06739115912706428180 0.84206606018499996491 0.46947156278500001836 0.26555828366000000518
0.00000000000000000000 0.00000000000000000000 0.00000000000000000000 0.00000000000000000000 0.00000000000000000000 0.00000000000000000000
0.03971040229384249082 0.04126628314256908237 0.06305184746507384863 0.84206606018499996491 0.46947156278500001836 0.26555828366000000518
0.03041108564918226440 0.05444283222988202664 0.06627045327411962283 0.69090292551800003285 0.46947156278599999624 0.54977231582300001289
0.03513592060691917568 0.05444871653984538484 0.06175550155820465348 0.69090292551800003285 0.46947156278599999624 0.54977231582300001289
0.03466920998869960774 0.04949400503703919180 0.06598788907860034247 0.69090292551800003285 0.46947156278599999624 0.54977231582300001289
0.02994437503096269645 0.04948812072707585441 0.07050284079451532571 0.69090292551800003285 0.46947156278599999624 0.54977231582300001289
0.03420242793153646654 0.04453853512132888159 0.07022092444646588216 0.69090292551800003285 0.46947156278599999624 0.54977231582300001289
0.03373571731331689166 0.03958382361852270243 0.07445331196686158504 0.69090292551800003285 0.46947156278599999624 0.54977231582300001289
0.00000000000000000000 0.00000000000000000000 0.00000000000000000000 0.00000000000000000000 0.00000000000000000000 0.00000000000000000000
0.02947766441274310770 0.04453340922426967524 0.07473522831491102858 0.69090292551800003285 0.46947156278599999624 0.54977231582300001289
0.02521954007322576782 0.04948223641711251009 0.07501779251043028118 0.69090292551800003285 0.46947156278599999624 0.54977231582300001289
0.02096386779664271074 0.05443051185467155662 0.07529843760369245298 0.69090292551800003285 0.46947156278599999624 0.54977231582300001289
0.00000000000000000000 0.00000000000000000000 0.00000000000000000000 0.00000000000000000000 0.00000000000000000000 0.00000000000000000000
0.02568632213038890208 0.05443770633282282723 0.07078475714256474149 0.69090292551800003285 0.46947156278599999624 0.54977231582300001289
0.01919371195615479642 0.04530576311371597303 0.08278921796447277770 0.51575812426099998387 0.46947156278699997412 0.71665194410699994965
0.02060626417348638065 0.05029104805848322313 0.07880669122221622969 0.51575812426099998387 0.46947156278699997412 0.71665194410699994965
0.02479183223696998853 0.04531238424972856144 0.07941825942392624627 0.51575812426099998387 0.46947156278699997412 0.71665194410699994965
0.02337928001963838695 0.04032709930496131134 0.08340078616618279428 0.51575812426099998387 0.46947156278699997412 0.71665194410699994965
0.02897804098131436315 0.04033295836171343213 0.08002992123779020806 0.51575812426099998387 0.46947156278699997412 0.71665194410699994965
0.03316360904479795368 0.03535429455295879125 0.08064148943950025239 0.51575812426099998387 0.46947156278699997412 0.71665194410699994965
0.00000000000000000000 0.00000000000000000000 0.00000000000000000000 0.00000000000000000000 0.00000000000000000000 0.00000000000000000000
0.02756484808312197402 0.03534843549620667047 0.08401235436789283861 0.51575812426099998387 0.46947156278699997412 0.71665194410699994965
0.02196672780230678884 0.03534181436019406125 0.08738331290843937005 0.51575812426099998387 0.46947156278699997412 0.71665194410699994965
0.01636982496249804117 0.03533727804478511286 0.09075222905812063701 0.51575812426099998387 0.46947156278699997412 0.71665194410699994965
0.00000000000000000000 0.00000000000000000000 0.00000000000000000000 0.00000000000000000000 0.00000000000000000000 0.00000000000000000000
0.01778051905796241075 0.04032124024820919750 0.08677165109457538050 0.51575812426099998387 0.46947156278699997412 0.71665194410699994965
0.02830716696115320383 0.02389817701806793218 0.08982407552891359670 0.60337341603799998779 0.38447196297399999221 0.69865716235099994957
0.02437296557882951548 0.02911178205376261166 0.09004604628171984648 0.60337341603799998779 0.38447196297399999221 0.69865716235099994957
0.02958276596563276170 0.02911716495331160767 0.08610421422618309839 0.60337341603799998779 0.38447196297399999221 0.69865716235099994957
0.03351696734795646393 0.02390355991761692472 0.08588224347337684861 0.60337341603799998779 0.38447196297399999221 0.69865716235099994957
0.03479336381154927993 0.02912254867681583412 0.08216177879822089691 0.60337341603799998779 0.38447196297399999221 0.69865716235099994957
0.04000316419835253656 0.02912793157636482666 0.07821994674268414882 0.60337341603799998779 0.38447196297399999221 0.69865716235099994957
0.00000000000000000000 0.00000000000000000000 0.00000000000000000000 0.00000000000000000000 0.00000000000000000000 0.00000000000000000000
0.03872676773475973444 0.02390894281716592074 0.08194041141784008664 0.60337341603799998779 0.38447196297399999221 0.69865716235099994957
0.03745116873028016269 0.01868995488192224524 0.08566027272057058495 0.60337341603799998779 0.38447196297399999221 0.69865716235099994957
0.03617406790142621564 0.01347373094440042739 0.08937981023302624117 0.60337341603799998779 0.38447196297399999221 0.69865716235099994957
0.00000000000000000000 0.00000000000000000000 0.00000000000000000000 0.00000000000000000000 0.00000000000000000000 0.00000000000000000000
0.03224057088436366181 0.01868457115841801880 0.08960270814853278643 0.60337341603799998779 0.38447196297399999221 0.69865716235099994957
0.04253025199019511149 0.02040173236345682248 0.07604069703504648392 0.96981730905899998785 0.24014711558400000935 0.04223446373109999985
0.04327674939785197683 0.02589388263949621294 0.07257834003933359701 0.96981730905899998785 0.24014711558400000935 0.04223446373109999985
0.04628333407914820424 0.02040941387696188977 0.07069124175175552083 0.96981730905899998785 0.24014711558400000935 0.04223446373109999985
0.04553683667149133196 0.01491726360092249931 0.07415359874746840774 0.96981730905899998785 0.24014711558400000935 0.04223446373109999985
0.04929037897545764796 0.01492410561209134637 0.06880385460786524188 0.96981730905899998785 0.24014711558400000935 0.04223446373109999985
0.05229696365675386843 0.00943963684955702494 0.06691675632028716569 0.96981730905899998785 0.24014711558400000935 0.04223446373109999985
0.00000000000000000000 0.00000000000000000000 0.00000000000000000000 0.00000000000000000000 0.00000000000000000000 0.00000000000000000000
0.04854342135278755938 0.00943279483838817615 0.07226650045989033155 0.96981730905899998785 0.24014711558400000935 0.04223446373109999985
0.04479033926383445968 0.00942511332488310712 0.07761595574318132240 0.96981730905899998785 0.24014711558400000935 0.04223446373109999985
0.04103798954989772846 0.00941972864382571197 0.08296336452029277886 0.96981730905899998785 0.24014711558400000935 0.04223446373109999985
0.00000000000000000000 0.00000000000000000000 0.00000000000000000000 0.00000000000000000000 0.00000000000000000000 0.00000000000000000000
0.04178329436752502291 0.01491042158975365226 0.07950334288707158747 0.96981730905899998785 0.24014711558400000935 0.04223446373109999985
0.00000000000000000000 0.00000000000000000000 0.00000000000000000000 0.00000000000000000000 0.00000000000000000000 0.00000000000000000000
0.00000000000000000000 0.00000000000000000000 0.00000000000000000000 0.00000000000000000000 0.00000000000000000000 0.00000000000000000000
0.00000000000000000000 0.00000000000000000000 0.00000000000000000000 0.00000000000000000000 0.00000000000000000000 0.00000000000000000000
0.00000000000000000000 0.00000000000000000000 0.00000000000000000000 0.00000000000000000000 0.00000000000000000000 0.00000000000000000000
0.00000000000000000000 0.00000000000000000000 0.00000000000000000000 0.00000000000000000000 0.00000000000000000000 0.00000000000000000000
0.00000000000000000000 0.00000000000000000000 0.00000000000000000000 0.00000000000000000000 0.00000000000000000000 0.00000000000000000000
0.00000000000000000000 0.00000000000000000000 0.00000000000000000000 0.00000000000000000000 0.00000000000000000000 0.00000000000000000000
0.00000000000000000000 0.00000000000000000000 0.00000000000000000000 0.00000000000000000000 0.00000000000000000000 0.00000000000000000000
0.00000000000000000000 0.00000000000000000000 0.00000000000000000000 0.00000000000000000000 0.00000000000000000000 0.00000000000000000000
0.00000000000000000000 0.00000000000000000000 0.00000000000000000000 0.00000000000000000000 0.00000000000000000000 0.00000000000000000000
0.00000000000000000000 0.00000000000000000000 0.00000000000000000000 0.00000000000000000000 0.00000000000000000000 0.00000000000000000000
0.00000000000000000000 0.00000000000000000000 0.00000000000000000000 0.00000000000000000000 0.00000000000000000000 0.00000000000000000000
0.00000000000000000000 0.00000000000000000000 0.00000000000000000000 0.00000000000000000000 0.00000000000000000000 0.00000000000000000000
0.00000000000000000000 0.00000000000000000000 0.00000000000000000000 0.00000000000000000000 0.00000000000000000000 0.00000000000000000000
0.00000000000000000000 0.00000000000000000000 0.00000000000000000000 0.00000000000000000000 0.00000000000000000000 0.00000000000000000000
0.00000000000000000000 0.00000000000000000000 0.00000000000000000000 0.00000000000000000000 0.00000000000000000000 0.00000000000000000000
0.00000000000000000000 0.00000000000000000000 0.00000000000000000000 0.00000000000000000000 0.00000000000000000000 0.00000000000000000000
0.00000000000000000000 0.00000000000000000000 0.00000000000000000000 0.00000000000000000000 0.00000000000000000000 0.00000000000000000000
0.00000000000000000000 0.00000000000000000000 0.00000000000000000000 0.00000000000000000000 0.00000000000000000000 0.00000000000000000000
0.00000000000000000000 0.00000000000000000000 0.00000000000000000000 0.00000000000000000000 0.00000000000000000000 0.00000000000000000000
0.00000000000000000000 0.00000000000000000000 0.00000000000000000000 0.00000000000000000000 0.00000000000000000000 0.00000000000000000000
0.00000000000000000000 0.00000000000000000000 0.00000000000000000000 0.00000000000000000000 0.00000000000000000000 0.00000000000000000000
0.00000000000000000000 0.00000000000000000000 0.00000000000000000000 0.00000000000000000000 0.00000000000000000000 0.00000000000000000000
0.00000000000000000000 0.00000000000000000000 0.00000000000000000000 0.00000000000000000000 0.00000000000000000000 0.00000000000000000000
0.00000000000000000000 0.00000000000000000000 0.00000000000000000000 0.00000000000000000000 0.00000000000000000000 0.00000000000000000000
0.00000000000000000000 0.00000000000000000000 0.00000000000000000000 0.00000000000000000000 0.00000000000000000000 0.00000000000000000000
0.00000000000000000000 0.00000000000000000000 0.00000000000000000000 0.00000000000000000000 0.00000000000000000000 0.00000000000000000000
0.00000000000000000000 0.00000000000000000000 0.00000000000000000000 0.00000000000000000000 0.00000000000000000000 0.00000000000000000000
0.00000000000000000000 0.00000000000000000000 0.00000000000000000000 0.00000000000000000000 0.00000000000000000000 0.00000000000000000000
0.00000000000000000000 0.00000000000000000000 0.00000000000000000000 0.00000000000000000000 0.00000000000000000000 0.00000000000000000000
0.00000000000000000000 0.00000000000000000000 0.00000000000000000000 0.00000000000000000000 0.00000000000000000000 0.00000000000000000000
0.00000000000000000000 0.00000000000000000000 0.00000000000000000000 0.00000000000000000000 0.00000000000000000000 0.00000000000000000000
0.00000000000000000000 0.00000000000000000000 0.00000000000000000000 0.00000000000000000000 0.00000000000000000000 0.00000000000000000000
0.00000000000000000000 0.00000000000000000000 0.00000000000000000000 0.00000000000000000000 0.00000000000000000000 0.00000000000000000000
0.00000000000000000000 0.00000000000000000000 0.00000000000000000000 0.00000000000000000000 0.00000000000000000000 0.00000000000000000000
0.00000000000000000000 0.00000000000000000000 0.00000000000000000000 0.00000000000000000000 0.00000000000000000000 0.00000000000000000000
0.05295485772607762959 0.02033930131425008142 0.04709180000118719928 0.87914054998299995258 0.38761343191600000635 0.27725028543500002121
0.05205037279559985436 0.02572427543077244333 0.04350113853358505284 0.87914054998299995258 0.38761343191600000635 0.27725028543500002121
0.05454776037009755746 0.02034862862474846879 0.04075421921922054574 0.87914054998299995258 0.38761343191600000635 0.27725028543500002121
0.05545224530057530493 0.01496365450822610861 0.04434488068682269218 0.87914054998299995258 0.38761343191600000635 0.27725028543500002121
0.05704553021729912715 0.01497215897366004599 0.03800687943656973905 0.87914054998299995258 0.38761343191600000635 0.27725028543500002121
0.05954291779179683025 0.00959651216763607144 0.03525996012220523196 0.87914054998299995258 0.38761343191600000635 0.27725028543500002121
0.00000000000000000000 0.00000000000000000000 0.00000000000000000000 0.00000000000000000000 0.00000000000000000000 0.00000000000000000000
0.05794963287507302191 0.00958800770220213233 0.04159796137245818509 0.87914054998299995258 0.38761343191600000635 0.27725028543500002121
0.05635673023105308016 0.00957868039170374844 0.04793554215442484556 0.87914054998299995258 0.38761343191600000635 0.27725028543500002121
0.05476362785849523546 0.00957160529338516898 0.05427091213363951366 0.87914054998299995258 0.38761343191600000635 0.27725028543500002121
0.00000000000000000000 0.00000000000000000000 0.00000000000000000000 0.00000000000000000000 0.00000000000000000000 0.00000000000000000000
0.05385896038385151741 0.01495515004279216777 0.05068288193707565920 0.87914054998299995258 0.38761343191600000635 0.27725028543500002121
0.05109161913060052823 0.02925982275067711552 0.05616638956746158179 0.81858954993400001587 0.24014711558400000935 0.52176672145199998187
0.05420630422993685804 0.02926747377339163764 0.05042116831899570717 0.81858954993400001587 0.24014711558400000935 0.52176672145199998187
0.05476595243041379457 0.02414161975739438637 0.05443271459174239130 0.81858954993400001587 0.24014711558400000935 0.52176672145199998187
0.05165126733107747864 0.02413396873467986772 0.06017793584020825898 0.81858954993400001587 0.24014711558400000935 0.52176672145199998187
0.05532568629570025487 0.01901498113187378644 0.05844487490800241714 0.81858954993400001587 0.24014711558400000935 0.52176672145199998187
0.05588533449617719140 0.01388912711587653170 0.06245642118074908739 0.81858954993400001587 0.24014711558400000935 0.52176672145199998187
0.00000000000000000000 0.00000000000000000000 0.00000000000000000000 0.00000000000000000000 0.00000000000000000000 0.00000000000000000000
0.05221091553155442905 0.01900811471868261646 0.06418948211295492923 0.81858954993400001587 0.24014711558400000935 0.52176672145199998187
0.04853658223174115577 0.02412631771196535602 0.06592315708867413360 0.81858954993400001587 0.24014711558400000935 0.52176672145199998187
0.04486396249964417354 0.02924395072027140968 0.06765423614397694796 0.81858954993400001587 0.24014711558400000935 0.52176672145199998187
0.00000000000000000000 0.00000000000000000000 0.00000000000000000000 0.00000000000000000000 0.00000000000000000000 0.00000000000000000000
0.04797684836645470935 0.02925295633748594554 0.06191099677241409388 0.81858954993400001587 0.24014711558400000935 0.52176672145199998187
0.00000000000000000000 0.00000000000000000000 0.00000000000000000000 0.00000000000000000000 0.00000000000000000000 0.00000000000000000000
0.00000000000000000000 0.00000000000000000000 0.00000000000000000000 0.00000000000000000000 0.00000000000000000000 0.00000000000000000000
0.00000000000000000000 0.00000000000000000000 0.00000000000000000000 0.00000000000000000000 0.00000000000000000000 0.00000000000000000000
0.00000000000000000000 0.00000000000000000000 0.00000000000000000000 0.00000000000000000000 0.00000000000000000000 0.00000000000000000000
0.00000000000000000000 0.00000000000000000000 0.00000000000000000000 0.00000000000000000000 0.00000000000000000000 0.00000000000000000000
0.00000000000000000000 0.00000000000000000000 0.00000000000000000000 0.00000000000000000000 0.00000000000000000000 0.00000000000000000000
0.00000000000000000000 0.00000000000000000000 0.00000000000000000000 0.00000000000000000000 0.00000000000000000000 0.00000000000000000000
0.00000000000000000000 0.00000000000000000000 0.00000000000000000000 0.00000000000000000000 0.00000000000000000000 0.00000000000000000000
0.00000000000000000000 0.00000000000000000000 0.00000000000000000000 0.00000000000000000000 0.00000000000000000000 0.00000000000000000000
0.00000000000000000000 0.00000000000000000000 0.00000000000000000000 0.00000000000000000000 0.00000000000000000000 0.00000000000000000000
0.00000000000000000000 0.00000000000000000000 0.00000000000000000000 0.00000000000000000000 0.00000000000000000000 0.00000000000000000000
0.00000000000000000000 0.00000000000000000000 0.00000000000000000000 0.00000000000000000000 0.00000000000000000000 0.00000000000000000000
0.01854369566578592532 0.02025612087653770946 0.09778476403386177074 0.44561554789699997503 0.23826324653700001188 0.86293534451999998058
0.02086641589962870066 0.02575556636453913556 0.09512582457614596199 0.44561554789699997503 0.23826324653700001188 0.86293534451999998058
0.02439355449315903576 0.02026237123340399529 0.09487246792377201920 0.44561554789699997503 0.23826324653700001188 0.86293534451999998058
0.02207083425931624654 0.01476292574540257266 0.09753140738148785571 0.44561554789699997503 0.23826324653700001188 0.86293534451999998058
0.02792123298238713067 0.01476833526419582543 0.09461907249034001710 0.44561554789699997503 0.23826324653700001188 0.86293534451999998058
0.03144837157591745536 0.00927514013306068690 0.09436571583796610208 0.44561554789699997503 0.23826324653700001188 0.86293534451999998058
0.00000000000000000000 0.00000000000000000000 0.00000000000000000000 0.00000000000000000000 0.00000000000000000000 0.00000000000000000000
0.02559797285284657817 0.00926973061426743586 0.09727805072911391293 0.44561554789699997503 0.23826324653700001188 0.86293534451999998058
0.01974811402547345732 0.00926348025740114829 0.10019034683920366446 0.44561554789699997503 0.23826324653700001188 0.86293534451999998058
0.01389988132332755158 0.00925952962244361993 0.10310120524421662047 0.44561554789699997503 0.23826324653700001188 0.86293534451999998058
0.00000000000000000000 0.00000000000000000000 0.00000000000000000000 0.00000000000000000000 0.00000000000000000000 0.00000000000000000000
0.01622043553624536588 0.01475751622660931815 0.10044374227263566657 0.44561554789699997503 0.23826324653700001188 0.86293534451999998058
0.01423190689354359578 -0.01501706932524120297 0.10198537506629627714 0.44561554789699997503 -0.23826324653700001188 0.86293534451999998058
0.01190694559324313034 -0.00952479991806186310 0.10465715737611626379 0.44561554789699997503 -0.23826324653700001188 0.86293534451999998058
0.01775544845797440499 -0.00951891587188132340 0.10174596026509295787 0.44561554789699997503 -0.23826324653700001188 0.86293534451999998058
0.02008040975827487043 -0.01501118527906066327 0.09907417795527295734 0.44561554789699997503 -0.23826324653700001188 0.86293534451999998058
0.02360484654739033669 -0.00951303092503551564 0.09883431753993970892 0.44561554789699997503 -0.23826324653700001188 0.86293534451999998058
0.02945334941212162175 -0.00950714687885497595 0.09592312042891637525 0.44561554789699997503 -0.23826324653700001188 0.86293534451999998058
0.00000000000000000000 0.00000000000000000000 0.00000000000000000000 0.00000000000000000000 0.00000000000000000000 0.00000000000000000000
0.02592891262300615549 -0.01500530123288012531 0.09616298084424965142 0.44561554789699997503 -0.23826324653700001188 0.86293534451999998058
0.02240537105857534281 -0.02050345468624000314 0.09640239564545295681 0.44561554789699997503 -0.23826324653700001188 0.86293534451999998058
0.01888125215165656345 -0.02599869638379132680 0.09664290056305509247 0.44561554789699997503 -0.23826324653700001188 0.86293534451999998058
0.00000000000000000000 0.00000000000000000000 0.00000000000000000000 0.00000000000000000000 0.00000000000000000000 0.00000000000000000000
0.01655597296915941805 -0.02050933963308580743 0.09931403837060621964 0.44561554789699997503 -0.23826324653700001188 0.86293534451999998058
0.02659750483386407252 -0.02934618731013769952 0.08861031674589633922 0.60337341603799998779 -0.38447196297399999221 0.69865716235099994957
0.02138611039492178262 -0.02935236728635309128 0.09255369332056623266 0.60337341603799998779 -0.38447196297399999221 0.69865716235099994957
0.02531700934516952980 -0.02413851202698777745 0.09234432336730213908 0.60337341603799998779 -0.38447196297399999221 0.69865716235099994957
0.03052840378411182318 -0.02413233205077238569 0.08840094679263224564 0.60337341603799998779 -0.38447196297399999221 0.69865716235099994957
0.02924850999432286949 -0.01892385868783379513 0.09213492136598150362 0.60337341603799998779 -0.38447196297399999221 0.69865716235099994957
0.03317940894457062362 -0.01371000342846848304 0.09192555141271741004 0.60337341603799998779 -0.38447196297399999221 0.69865716235099994957
0.00000000000000000000 0.00000000000000000000 0.00000000000000000000 0.00000000000000000000 0.00000000000000000000 0.00000000000000000000
0.03445930273435958424 -0.01891847679140706839 0.08819157683936812431 0.60337341603799998779 -0.38447196297399999221 0.69865716235099994957
0.03573979822305412002 -0.02412615207455699393 0.08445757021796233832 0.60337341603799998779 -0.38447196297399999221 0.69865716235099994957
0.03701797170677539883 -0.02933324673783479011 0.08072563027830954863 0.60337341603799998779 -0.38447196297399999221 0.69865716235099994957
0.00000000000000000000 0.00000000000000000000 0.00000000000000000000 0.00000000000000000000 0.00000000000000000000 0.00000000000000000000
0.03180829757390077339 -0.02934080541371097625 0.08466697221928295991 0.60337341603799998779 -0.38447196297399999221 0.69865716235099994957
0.01580745143910819786 -0.04054680065535917755 0.08825152915877053361 0.51575812426099998387 -0.46947156278699997412 0.71665194410699994965
0.01439302279381569558 -0.03557137888627727451 0.09224570727537000081 0.51575812426099998387 -0.46947156278699997412 0.71665194410699994965
0.01999007349522977095 -0.03556506189009566582 0.08887627519542545818 0.51575812426099998387 -0.46947156278699997412 0.71665194410699994965
0.02140450214052226977 -0.04054048365917756885 0.08488209707882601873 0.51575812426099998387 -0.46947156278699997412 0.71665194410699994965
0.02558798093178872926 -0.03555874392697754710 0.08550632735976686216 0.51575812426099998387 -0.46947156278699997412 0.71665194410699994965
0.03118503163320280117 -0.03555242693079593841 0.08213689527982230565 0.51575812426099998387 -0.46947156278699997412 0.71665194410699994965
0.00000000000000000000 0.00000000000000000000 0.00000000000000000000 0.00000000000000000000 0.00000000000000000000 0.00000000000000000000
0.02700155284193634861 -0.04053416666299595322 0.08151266499888147610 0.51575812426099998387 -0.46947156278699997412 0.71665194410699994965
0.02281893078581477205 -0.04551590542825947189 0.08088791896222656541 0.51575812426099998387 -0.46947156278699997412 0.71665194410699994965
0.01863618584176015766 -0.05049500633674007533 0.08026491264110838242 0.51575812426099998387 -0.46947156278699997412 0.71665194410699994965
0.00000000000000000000 0.00000000000000000000 0.00000000000000000000 0.00000000000000000000 0.00000000000000000000 0.00000000000000000000
0.01722102334925583109 -0.04552222339137759061 0.08425786679788516143 0.51575812426099998387 -0.46947156278699997412 0.71665194410699994965
0.02273079159865996207 -0.05461346817873547616 0.07123053411786557654 0.69090292551800003285 -0.46947156278599999624 0.54977231582300001289
0.01800641176838850555 -0.05462097790932307628 0.07574595965963576427 0.69090292551800003285 -0.46947156278599999624 0.54977231582300001289
0.02225888596298695316 -0.04966880142725852570 0.07547670083478313918 0.69090292551800003285 -0.46947156278599999624 0.54977231582300001289
0.02698326579325843050 -0.04966129169667093946 0.07096127529301293757 0.69090292551800003285 -0.46947156278599999624 0.54977231582300001289
0.02651201107970305865 -0.04471586692032301219 0.07520740079474225181 0.69090292551800003285 -0.46947156278599999624 0.54977231582300001289
0.03076448527430152707 -0.03976369043825846855 0.07493814196988961285 0.69090292551800003285 -0.46947156278599999624 0.54977231582300001289
0.00000000000000000000 0.00000000000000000000 0.00000000000000000000 0.00000000000000000000 0.00000000000000000000 0.00000000000000000000
0.03123573998785689199 -0.04470911521460638194 0.07069201646816029860 0.69090292551800003285 -0.46947156278599999624 0.54977231582300001289
0.03170764562352988702 -0.04965378196608333239 0.06644584975124274984 0.69090292551800003285 -0.46947156278599999624 0.54977231582300001289
0.03217752340213547030 -0.05459789810770181162 0.06220204621533767519 0.69090292551800003285 -0.46947156278599999624 0.54977231582300001289
0.00000000000000000000 0.00000000000000000000 0.00000000000000000000 0.00000000000000000000 0.00000000000000000000 0.00000000000000000000
0.02745452050681378153 -0.05460671647301885284 0.06671514979128362333 0.69090292551800003285 -0.46947156278599999624 0.54977231582300001289
0.04052705662937176878 -0.04624004389772723433 0.05467533518425710115 0.84206606018499996491 -0.46947156278500001836 0.26555828366000000518
0.03627335600233069085 -0.05106615286095762818 0.05582580997778262971 0.84206606018499996491 -0.46947156278500001836 0.26555828366000000518
0.03700171985274774283 -0.04624826989122812065 0.06017754282705039398 0.84206606018499996491 -0.46947156278500001836 0.26555828366000000518
0.04125542047978882076 -0.04142216092799773375 0.05902706803352485848 0.84206606018499996491 -0.46947156278500001836 0.26555828366000000518
0.03773019519311587161 -0.04142964945280587508 0.06452994179186220813 0.84206606018499996491 -0.46947156278500001836 0.26555828366000000518
0.03845855904353291665 -0.03661176648307637449 0.06888167464112995853 0.84206606018499996491 -0.46947156278500001836 0.26555828366000000518
0.00000000000000000000 0.00000000000000000000 0.00000000000000000000 0.00000000000000000000 0.00000000000000000000 0.00000000000000000000
0.04198378433020586581 -0.03660427795826823316 0.06337880088279261581 0.84206606018499996491 -0.46947156278500001836 0.26555828366000000518
0.04550912110682990563 -0.03659605196476734684 0.05787659323999931604 0.84206606018499996491 -0.46947156278500001836 0.26555828366000000518
0.04903228484069884624 -0.03658984442869277209 0.05237548273657854220 0.84206606018499996491 -0.46947156278500001836 0.26555828366000000518
0.00000000000000000000 0.00000000000000000000 0.00000000000000000000 0.00000000000000000000 0.00000000000000000000 0.00000000000000000000
0.04478064576646176298 -0.04141467240318958548 0.05352419427518750189 0.84206606018499996491 -0.46947156278500001836 0.26555828366000000518
0.03676950188225384941 -0.05416839193430270788 0.04400618577945770299 0.88129750869900003174 -0.46947156278599999624 -0.05395510074149999918
0.03985814911963495022 -0.05417335505498139386 0.04976544984793478815 0.88129750869900003174 -0.46947156278599999624 -0.05395510074149999918
0.04128978381386338992 -0.04962894199721570865 0.04529568239730715623 0.88129750869900003174 -0.46947156278599999624 -0.05395510074149999918
0.03820113657648228911 -0.04962397887653704348 0.03953641832883006413 0.88129750869900003174 -0.46947156278599999624 -0.05395510074149999918
0.04272163764703171274 -0.04508383333053258418 0.04082523076369303644 0.88129750869900003174 -0.46947156278599999624 -0.05395510074149999918
0.04415327234126016631 -0.04053942027276690591 0.03635546331306541146 0.88129750869900003174 -0.46947156278599999624 -0.05395510074149999918
0.00000000000000000000 0.00000000000000000000 0.00000000000000000000 0.00000000000000000000 0.00000000000000000000 0.00000000000000000000
0.03963277127071074268 -0.04507956581877137214 0.03506665087820243915 0.88129750869900003174 -0.46947156278599999624 -0.05395510074149999918
0.03511248933910118830 -0.04961901575585836444 0.03377715426035298590 0.88129750869900003174 -0.46947156278599999624 -0.05395510074149999918
0.03059400482729062246 -0.05415795939839320589 0.03249020969028771494 0.88129750869900003174 -0.46947156278599999624 -0.05395510074149999918
0.00000000000000000000 0.00000000000000000000 0.00000000000000000000 0.00000000000000000000 0.00000000000000000000 0.00000000000000000000
0.03368063550593287936 -0.05416412442254149584 0.03824760589396709182 0.88129750869900003174 -0.46947156278599999624 -0.05395510074149999918
0.03598096976807811653 -0.04530393515394576937 0.02409516033435670640 0.83357413609399999554 -0.46947156278699997412 -0.29111958259400000371
0.03534691593882557936 -0.05015176704430019533 0.02843167860417558646 0.83357413609399999554 -0.46947156278699997412 -0.29111958259400000371
0.03959011894706447598 -0.04531019582023279590 0.02954276155029383205 0.83357413609399999554 -0.46947156278699997412 -0.29111958259400000371
0.04022417277631702703 -0.04046236392987836994 0.02520624328047495893 0.83357413609399999554 -0.46947156278699997412 -0.29111958259400000371
0.04383397145828950292 -0.04046788350153443514 0.03065401456880548908 0.83357413609399999554 -0.46947156278699997412 -0.29111958259400000371
0.04807717446652841342 -0.03562631227746704266 0.03176509751492374162 0.83357413609399999554 -0.46947156278699997412 -0.29111958259400000371
0.00000000000000000000 0.00000000000000000000 0.00000000000000000000 0.00000000000000000000 0.00000000000000000000 0.00000000000000000000
0.04446737578455592366 -0.03562079270581097745 0.02631732622659320453 0.83357413609399999554 -0.46947156278699997412 -0.29111958259400000371
0.04085822660556956420 -0.03561453203952395785 0.02086972501065607888 0.83357413609399999554 -0.46947156278699997412 -0.29111958259400000371
0.03724921654855804787 -0.03561029869175359741 0.01542454673192576384 0.83357413609399999554 -0.46947156278699997412 -0.29111958259400000371
0.00000000000000000000 0.00000000000000000000 0.00000000000000000000 0.00000000000000000000 0.00000000000000000000 0.00000000000000000000
0.03661437409434455115 -0.04045684435822231168 0.01975847199214442879 0.83357413609399999554 -0.46947156278699997412 -0.29111958259400000371
0.04579132215834663677 -0.02404163276525015519 0.02230859959214169519 0.89501515297300004992 -0.38447196297500002560 -0.22611763671699999789
0.04214850171830976377 -0.02914629794831075787 0.02046981151014354294 0.89501515297300004992 -0.38447196297500002560 -0.22611763671699999789
0.04506246106701711912 -0.02915087208796144150 0.02631693977890312702 0.89501515297300004992 -0.38447196297500002560 -0.22611763671699999789
0.04870528150705399212 -0.02404620690490083534 0.02815572786090127927 0.89501515297300004992 -0.38447196297500002560 -0.22611763671699999789
0.04797686645266747985 -0.02915544692777126065 0.03216496306193927790 0.89501515297300004992 -0.38447196297500002560 -0.22611763671699999789
0.05089082580137484213 -0.02916002106742194080 0.03801209133069885504 0.89501515297300004992 -0.38447196297500002560 -0.22611763671699999789
0.00000000000000000000 0.00000000000000000000 0.00000000000000000000 0.00000000000000000000 0.00000000000000000000 0.00000000000000000000
0.05161924085576134746 -0.02405078104455152244 0.03400285612966087723 0.89501515297300004992 -0.38447196297500002560 -0.22611763671699999789
0.05234810194709087205 -0.01894154172184023613 0.02999451594289943498 0.89501515297300004992 -0.38447196297500002560 -0.22611763671699999789
0.05307535854684103382 -0.01383500856430707263 0.02598585594869511073 0.89501515297300004992 -0.38447196297500002560 -0.22611763671699999789
0.00000000000000000000 0.00000000000000000000 0.00000000000000000000 0.00000000000000000000 0.00000000000000000000 0.00000000000000000000
0.04943369656144049745 -0.01893696688203041351 0.02414649265986329105 0.89501515297300004992 -0.38447196297500002560 -0.22611763671699999789
0.05256646248006177635 -0.02042284877934397516 0.04064064845664558390 0.81858954993400001587 -0.24014711558400000935 0.52176672145199998187
0.05007301629459670611 -0.02580904639002490342 0.04337569697886317632 0.81858954993400001587 -0.24014711558400000935 0.52176672145199998187
0.05097262354795854128 -0.02043370726489706496 0.04697799139764249204 0.81858954993400001587 -0.24014711558400000935 0.52176672145199998187
0.05346606973342360458 -0.01504750965421613323 0.04424294287542489962 0.81858954993400001587 -0.24014711558400000935 0.52176672145199998187
0.05187236850333373783 -0.01505754534180120049 0.05058083721614916456 0.81858954993400001587 -0.24014711558400000935 0.52176672145199998187
0.05277197575669555218 -0.00968220621667335857 0.05418313163492849416 0.81858954993400001587 -0.24014711558400000935 0.52176672145199998187
0.00000000000000000000 0.00000000000000000000 0.00000000000000000000 0.00000000000000000000 0.00000000000000000000 0.00000000000000000000
0.05436567698678541893 -0.00967217052908829304 0.04784523729420422228 0.81858954993400001587 -0.24014711558400000935 0.52176672145199998187
0.05595951591888867482 -0.00966131204353519804 0.04150789435320730025 0.81858954993400001587 -0.24014711558400000935 0.52176672145199998187
0.05755213398270234149 -0.00965270645311398431 0.03517240450264105811 0.81858954993400001587 -0.24014711558400000935 0.52176672145199998187
0.00000000000000000000 0.00000000000000000000 0.00000000000000000000 0.00000000000000000000 0.00000000000000000000 0.00000000000000000000
0.05505977096351347133 -0.01503747396663106597 0.03790504853470063468 0.81858954993400001587 -0.24014711558400000935 0.52176672145199998187
0.00000000000000000000 0.00000000000000000000 0.00000000000000000000 0.00000000000000000000 0.00000000000000000000 0.00000000000000000000
0.00000000000000000000 0.00000000000000000000 0.00000000000000000000 0.00000000000000000000 0.00000000000000000000 0.00000000000000000000
0.00000000000000000000 0.00000000000000000000 0.00000000000000000000 0.00000000000000000000 0.00000000000000000000 0.00000000000000000000
0.00000000000000000000 0.00000000000000000000 0.00000000000000000000 0.00000000000000000000 0.00000000000000000000 0.00000000000000000000
0.00000000000000000000 0.00000000000000000000 0.00000000000000000000 0.00000000000000000000 0.00000000000000000000 0.00000000000000000000
0.00000000000000000000 0.00000000000000000000 0.00000000000000000000 0.00000000000000000000 0.00000000000000000000 0.00000000000000000000
0.00000000000000000000 0.00000000000000000000 0.00000000000000000000 0.00000000000000000000 0.00000000000000000000 0.00000000000000000000
0.00000000000000000000 0.00000000000000000000 0.00000000000000000000 0.00000000000000000000 0.00000000000000000000 0.00000000000000000000
0.00000000000000000000 0.00000000000000000000 0.00000000000000000000 0.00000000000000000000 0.00000000000000000000 0.00000000000000000000
0.00000000000000000000 0.00000000000000000000 0.00000000000000000000 0.00000000000000000000 0.00000000000000000000 0.00000000000000000000
0.00000000000000000000 0.00000000000000000000 0.00000000000000000000 0.00000000000000000000 0.00000000000000000000 0.00000000000000000000
0.00000000000000000000 0.00000000000000000000 0.00000000000000000000 0.00000000000000000000 0.00000000000000000000 0.00000000000000000000
0.00000000000000000000 0.00000000000000000000 0.00000000000000000000 0.00000000000000000000 0.00000000000000000000 0.00000000000000000000
0.00000000000000000000 0.00000000000000000000 0.00000000000000000000 0.00000000000000000000 0.00000000000000000000 0.00000000000000000000
0.00000000000000000000 0.00000000000000000000 0.00000000000000000000 0.00000000000000000000 0.00000000000000000000 0.00000000000000000000
0.00000000000000000000 0.00000000000000000000 0.00000000000000000000 0.00000000000000000000 0.00000000000000000000 0.00000000000000000000
0.00000000000000000000 0.00000000000000000000 0.00000000000000000000 0.00000000000000000000 0.00000000000000000000 0.00000000000000000000
0.00000000000000000000 0.00000000000000000000 0.00000000000000000000 0.00000000000000000000 0.00000000000000000000 0.00000000000000000000
0.00000000000000000000 0.00000000000000000000 0.00000000000000000000 0.00000000000000000000 0.00000000000000000000 0.00000000000000000000
0.00000000000000000000 0.00000000000000000000 0.00000000000000000000 0.00000000000000000000 0.00000000000000000000 0.00000000000000000000
0.00000000000000000000 0.00000000000000000000 0.00000000000000000000 0.00000000000000000000 0.00000000000000000000 0.00000000000000000000
0.00000000000000000000 0.00000000000000000000 0.00000000000000000000 0.00000000000000000000 0.00000000000000000000 0.00000000000000000000
0.00000000000000000000 0.00000000000000000000 0.00000000000000000000 0.00000000000000000000 0.00000000000000000000 0.00000000000000000000
0.00000000000000000000 0.00000000000000000000 0.00000000000000000000 0.00000000000000000000 0.00000000000000000000 0.00000000000000000000
0.00000000000000000000 0.00000000000000000000 0.00000000000000000000 0.00000000000000000000 0.00000000000000000000 0.00000000000000000000
0.00000000000000000000 0.00000000000000000000 0.00000000000000000000 0.00000000000000000000 0.00000000000000000000 0.00000000000000000000
0.00000000000000000000 0.00000000000000000000 0.00000000000000000000 0.00000000000000000000 0.00000000000000000000 0.00000000000000000000
0.00000000000000000000 0.00000000000000000000 0.00000000000000000000 0.00000000000000000000 0.00000000000000000000 0.00000000000000000000
0.00000000000000000000 0.00000000000000000000 0.00000000000000000000 0.00000000000000000000 0.00000000000000000000 0.00000000000000000000
0.00000000000000000000 0.00000000000000000000 0.00000000000000000000 0.00000000000000000000 0.00000000000000000000 0.00000000000000000000
0.00000000000000000000 0.00000000000000000000 0.00000000000000000000 0.00000000000000000000 0.00000000000000000000 0.00000000000000000000
0.00000000000000000000 0.00000000000000000000 0.00000000000000000000 0.00000000000000000000 0.00000000000000000000 0.00000000000000000000
0.00000000000000000000 0.00000000000000000000 0.00000000000000000000 0.00000000000000000000 0.00000000000000000000 0.00000000000000000000
0.00000000000000000000 0.00000000000000000000 0.00000000000000000000 0.00000000000000000000 0.00000000000000000000 0.00000000000000000000
0.00000000000000000000 0.00000000000000000000 0.00000000000000000000 0.00000000000000000000 0.00000000000000000000 0.00000000000000000000
0.00000000000000000000 0.00000000000000000000 0.00000000000000000000 0.00000000000000000000 0.00000000000000000000 0.00000000000000000000
0.04435379806482218218 -0.02058769319500977288 0.07422378476046498363 0.87914054998299995258 -0.38761343191600000635 0.27725028543500002121
0.04134775647527525605 -0.02607904165435731558 0.07609933669521261324 0.87914054998299995258 -0.38761343191600000635 0.27725028543500002121
0.04060009301073089216 -0.02059669407661833540 0.07957280087102400201 0.87914054998299995258 -0.38761343191600000635 0.27725028543500002121
0.04360613460027781829 -0.01510534561727079443 0.07769724893627637241 0.87914054998299995258 -0.38761343191600000635 0.27725028543500002121
0.03985231510206216354 -0.01511350732123084226 0.08304679672664187773 0.87914054998299995258 -0.38761343191600000635 0.27725028543500002121
0.03910465163751780659 -0.00963115974349186207 0.08652026090245326650 0.87914054998299995258 -0.38761343191600000635 0.27725028543500002121
0.00000000000000000000 0.00000000000000000000 0.00000000000000000000 0.00000000000000000000 0.00000000000000000000 0.00000000000000000000
0.04285847113573346828 -0.00962299803953181078 0.08117071311208777507 0.87914054998299995258 -0.38761343191600000635 0.27725028543500002121
0.04661217618982475136 -0.00961399715792324999 0.07582169700152875669 0.87914054998299995258 -0.38761343191600000635 0.27725028543500002121
0.05036420420541996845 -0.00960729292132097255 0.07047406399024233603 0.87914054998299995258 -0.38761343191600000635 0.27725028543500002121
0.00000000000000000000 0.00000000000000000000 0.00000000000000000000 0.00000000000000000000 0.00000000000000000000 0.00000000000000000000
0.04735995409849348692 -0.01509718391331074661 0.07234770114591088097 0.87914054998299995258 -0.38761343191600000635 0.27725028543500002121
0.04569088052350323004 -0.02941236040670404395 0.06341788070466194971 0.96981730905899998785 -0.24014711558400000935 0.04223446373109999985
0.04257670302173078430 -0.02941841485930822564 0.06916337901473548766 0.96981730905899998785 -0.24014711558400000935 0.04223446373109999985
0.04624788959360223023 -0.02429536025049294432 0.06744384720938638444 0.96981730905899998785 -0.24014711558400000935 0.04223446373109999985
0.04936206709537468290 -0.02428930579788876609 0.06169834889931283262 0.96981730905899998785 -0.24014711558400000935 0.04223446373109999985
0.04991963811045637550 -0.01917152146065687068 0.06572405219696464407 0.96981730905899998785 -0.24014711558400000935 0.04223446373109999985
0.05359082468232782837 -0.01404846685184158589 0.06400452039161552698 0.96981730905899998785 -0.24014711558400000935 0.04223446373109999985
0.00000000000000000000 0.00000000000000000000 0.00000000000000000000 0.00000000000000000000 0.00000000000000000000 0.00000000000000000000
0.05303325366724614270 -0.01916625118907348477 0.05997881709396370858 0.96981730905899998785 -0.24014711558400000935 0.04223446373109999985
0.05247624459714714251 -0.02428325134528459481 0.05595285058923928773 0.96981730905899998785 -0.24014711558400000935 0.04223446373109999985
0.05191799603617675007 -0.02939968098378380884 0.05192973683264959228 0.96981730905899998785 -0.24014711558400000935 0.04223446373109999985
0.00000000000000000000 0.00000000000000000000 0.00000000000000000000 0.00000000000000000000 0.00000000000000000000 0.00000000000000000000
0.04880449608029299724 -0.02940709013512066150 0.05767264560166102116 0.96981730905899998785 -0.24014711558400000935 0.04223446373109999985
0.00000000000000000000 0.00000000000000000000 0.00000000000000000000 0.00000000000000000000 0.00000000000000000000 0.00000000000000000000
0.00000000000000000000 0.00000000000000000000 0.00000000000000000000 0.00000000000000000000 0.00000000000000000000 0.00000000000000000000
0.00000000000000000000 0.00000000000000000000 0.00000000000000000000 0.00000000000000000000 0.00000000000000000000 0.00000000000000000000
0.00000000000000000000 0.00000000000000000000 0.00000000000000000000 0.00000000000000000000 0.00000000000000000000 0.00000000000000000000
0.00000000000000000000 0.00000000000000000000 0.00000000000000000000 0.00000000000000000000 0.00000000000000000000 0.00000000000000000000
0.00000000000000000000 0.00000000000000000000 0.00000000000000000000 0.00000000000000000000 0.00000000000000000000 0.00000000000000000000
0.00000000000000000000 0.00000000000000000000 0.00000000000000000000 0.00000000000000000000 0.00000000000000000000 0.00000000000000000000
0.00000000000000000000 0.00000000000000000000 0.00000000000000000000 0.00000000000000000000 0.00000000000000000000 0.00000000000000000000
0.00000000000000000000 0.00000000000000000000 0.00000000000000000000 0.00000000000000000000 0.00000000000000000000 0.00000000000000000000
0.00000000000000000000 0.00000000000000000000 0.00000000000000000000 0.00000000000000000000 0.00000000000000000000 0.00000000000000000000
0.00000000000000000000 0.00000000000000000000 0.00000000000000000000 0.00000000000000000000 0.00000000000000000000 0.00000000000000000000
0.00000000000000000000 0.00000000000000000000 0.00000000000000000000 0.00000000000000000000 0.00000000000000000000 0.00000000000000000000
0.04541549850728864024 -0.02037273096756303178 0.00977366142143408848 0.86004073289100002597 -0.23826324653500000061 -0.45117686456599997991
0.04590042323953352765 -0.02586484253937341993 0.01328228615013387834 0.86004073289100002597 -0.23826324653500000061 -0.45117686456599997991
0.04874934536560703024 -0.02037808105385718882 0.01539396323733839729 0.86004073289100002597 -0.23826324653500000061 -0.45117686456599997991
0.04826442063336215671 -0.01488596948204680415 0.01188533850863860743 0.86004073289100002597 -0.23826324653500000061 -0.45117686456599997991
0.05159870357343869507 -0.01489047971505985148 0.01750596355691505859 0.86004073289100002597 -0.23826324653500000061 -0.45117686456599997991
0.05444762569951219766 -0.00940371822954362557 0.01961764064411957928 0.86004073289100002597 -0.23826324653500000061 -0.45117686456599997991
0.00000000000000000000 0.00000000000000000000 0.00000000000000000000 0.00000000000000000000 0.00000000000000000000 0.00000000000000000000
0.05111334275943565930 -0.00939920799653057651 0.01399701559584312638 0.86004073289100002597 -0.23826324653500000061 -0.45117686456599997991
0.04777949590111726930 -0.00939385791023641774 0.00837671377993881930 0.86004073289100002597 -0.23826324653500000061 -0.45117686456599997991
0.04444622511855106373 -0.00939080437911510822 0.00275850814414743250 0.86004073289100002597 -0.23826324653500000061 -0.45117686456599997991
0.00000000000000000000 0.00000000000000000000 0.00000000000000000000 0.00000000000000000000 0.00000000000000000000 0.00000000000000000000
0.04493013769328560447 -0.01488145924903375682 0.00626471346036215713 0.86004073289100002597 -0.23826324653500000061 -0.45117686456599997991
