name    head
spatial_sampling    taxel
taxel2Repr ( 3 3 3 3 3 3 -2 3 3 3 -2 3 15 15 15 15 15 15 -2 15 15 15 -2 15 27 27 27 27 27 27 -2 27 27 27 -2 27 39 39 39 39 39 39 -2 39 39 39 -2 39 51 51 51 51 51 51 -2 51 51 51 -2 51 63 63 63 63 63 63 -2 63 63 63 -2 63 75 75 75 75 75 75 -2 75 75 75 -2 75 87 87 87 87 87 87 -2 87 87 87 -2 87 99 99 99 99 99 99 -2 99 99 99 -2 99 -1 -1 -1 -1 -1 -1 -1 -1 -1 -1 -1 -1 -1 -1 -1 -1 -1 -1 -1 -1 -1 -1 -1 -1 -1 -1 -1 -1 -1 -1 -1 -1 -1 -1 -1 -1 147 147 147 147 147 147 -2 147 147 147 -2 147 159 159 159 159 159 159 -2 159 159 159 -2 159 -1 -1 -1 -1 -1 -1 -1 -1 -1 -1 -1 -1 183 183 183 183 183 183 -2 183 183 183 -2 183 195 195 195 195 195 195 -2 195 195 195 -2 195 207 207 207 207 207 207 -2 207 207 207 -2 207 219 219 219 219 219 219 -2 219 219 219 -2 219 231 231 231 231 231 231 -2 231 231 231 -2 231 243 243 243 243 243 243 -2 243 243 243 -2 243 255 255 255 255 255 255 -2 255 255 255 -2 255 267 267 267 267 267 267 -2 267 267 267 -2 267 279 279 279 279 279 279 -2 279 279 279 -2 279 291 291 291 291 291 291 -2 291 291 291 -2 291 -1 -1 -1 -1 -1 -1 -1 -1 -1 -1 -1 -1 -1 -1 -1 -1 -1 -1 -1 -1 -1 -1 -1 -1 -1 -1 -1 -1 -1 -1 -1 -1 -1 -1 -1 -1 339 339 339 339 339 339 -2 339 339 339 -2 339 351 351 351 351 351 351 -2 351 351 351 -2 351 -1 -1 -1 -1 -1 -1 -1 -1 -1 -1 -1 -1 375 375 375 375 375 375 -2 375 375 375 -2 375 )
[calibration]
0.05307586826514958 0.014891483940513576 0.005698692787850373 0.860040732891 0.238263246535 -0.451176864566
0.05259482233318562 0.009402024226916562 0.002185387241198283 0.860040732891 0.238263246535 -0.451176864566
0.05592813144043604 0.009401993194902989 0.00780402937204791 0.860040732891 0.238263246535 -0.451176864566
0.056409177372400005 0.0148914529085 0.0113173349187 0.860040732891 0.238263246535 -0.451176864566
0.05926195077409198 0.009401962158139373 0.013423531543021653 0.860040732891 0.238263246535 -0.451176864566
0.06259525988134239 0.009401931126125796 0.01904217367387128 0.860040732891 0.238263246535 -0.451176864566
0.0 0.0 0.0 0.0 0.0 0.0
0.05974248647965042 0.014891421876486424 0.016935977049549626 0.860040732891 0.238263246535 -0.451176864566
0.05689022330436396 0.02038091262209701 0.01483064046535209 0.860040732891 0.238263246535 -0.451176864566
0.05403807845235478 0.0258674937566103 0.01272407093230544 0.860040732891 0.238263246535 -0.451176864566
0.0 0.0 0.0 0.0 0.0 0.0
0.05355640397070802 0.020380943658860628 0.009211138294378347 0.860040732891 0.238263246535 -0.451176864566
0.05520290897435769 0.029132273233619384 0.02420880763995482 0.895015152973 0.384471962975 -0.226117636717
0.052288237046207796 0.02913166083542775 0.01835957040966372 0.895015152973 0.384471962975 -0.226117636717
0.05593238612065012 0.024028885287708367 0.020193132034708898 0.895015152973 0.384471962975 -0.226117636717
0.0588470580488 0.0240294976859 0.026042369265 0.895015152973 0.384471962975 -0.226117636717
0.0595770930014715 0.01892532866306449 0.022026974321261057 0.895015152973 0.384471962975 -0.226117636717
0.06322124207591383 0.013822553115345105 0.02386053594630624 0.895015152973 0.384471962975 -0.226117636717
0.0 0.0 0.0 0.0 0.0 0.0
0.06249120712324232 0.01892672213818062 0.027875930890045184 0.895015152973 0.384471962975 -0.226117636717
0.06176172997694988 0.024030110084091637 0.0318916064952911 0.895015152973 0.384471962975 -0.226117636717
0.06103111605688205 0.029132926249660088 0.03590438713721714 0.895015152973 0.384471962975 -0.226117636717
0.0 0.0 0.0 0.0 0.0 0.0
0.0581170230961285 0.02913366670873551 0.030057764208738944 0.895015152973 0.384471962975 -0.226117636717
0.04575178332025713 0.0404380318406695 0.018224975758491687 0.833574136094 0.469471562787 -0.291119582594
0.04638878723239724 0.035594995718798046 0.013883534046552373 0.833574136094 0.469471562787 -0.291119582594
0.04999767990464011 0.03559496834102855 0.019329264730260684 0.833574136094 0.469471562787 -0.291119582594
0.0493606759925 0.040438004462899996 0.0236707064422 0.833574136094 0.469471562787 -0.291119582594
0.053607124986598614 0.035594940959068365 0.02477582898670491 0.833574136094 0.469471562787 -0.291119582594
0.05721601765884148 0.035594913581298876 0.030221559670413223 0.833574136094 0.469471562787 -0.291119582594
0.0 0.0 0.0 0.0 0.0 0.0
0.052969568664742867 0.0404379770851305 0.029116437125908314 0.833574136094 0.469471562787 -0.291119582594
0.04872367208035989 0.04528104058477145 0.028012148154139316 0.833574136094 0.469471562787 -0.291119582594
0.04447851728756152 0.05012153710106976 0.026906167927876253 0.833574136094 0.469471562787 -0.291119582594
0.0 0.0 0.0 0.0 0.0 0.0
0.04511422699840138 0.04528106796673163 0.022565583897695092 0.833574136094 0.469471562787 -0.291119582594
0.04281309651148748 0.054120436120075645 0.03672929411692801 0.881297508699 0.469471562786 -0.0539551007415
0.039725165820028364 0.05411989143625093 0.030969643715378935 0.881297508699 0.469471562786 -0.0539551007415
0.04424591572694089 0.049581342269975265 0.032252016806350925 0.881297508699 0.469471562786 -0.0539551007415
0.0473338464184 0.0495818869538 0.038011667207899995 0.881297508699 0.469471562786 -0.0539551007415
0.04876735762067524 0.04504209839236237 0.03353458618893334 0.881297508699 0.469471562786 -0.0539551007415
0.05328810752758775 0.040503549226086726 0.03481695927990533 0.881297508699 0.469471562786 -0.0539551007415
0.0 0.0 0.0 0.0 0.0 0.0
0.05185459632531252 0.04504333778752436 0.039294040298871985 0.881297508699 0.469471562786 -0.0539551007415
0.05042177710985911 0.049582431637624734 0.04377131760944907 0.881297508699 0.469471562786 -0.0539551007415
0.048987827457189215 0.05412101693053446 0.04824568571372831 0.881297508699 0.469471562786 -0.0539551007415
0.0 0.0 0.0 0.0 0.0 0.0
0.045900335216124764 0.05412167551523763 0.04248874822686666 0.881297508699 0.469471562786 -0.0539551007415
0.045141118548449335 0.04618445411353595 0.057641453997424326 0.842066060185 0.469471562785 0.26555828366
0.04441137144415483 0.05100793969963117 0.053292851352377824 0.842066060185 0.469471562785 0.26555828366
0.04866508299740549 0.04618578459699522 0.052138361340353497 0.842066060185 0.469471562785 0.26555828366
0.0493948301017 0.0413622990109 0.056486963985400006 0.842066060185 0.469471562785 0.26555828366
0.0529194456621751 0.041362891371735266 0.05098369461165811 0.842066060185 0.469471562785 0.26555828366
0.05717315721542577 0.036540736269099316 0.04982920459963379 0.842066060185 0.469471562785 0.26555828366
0.0 0.0 0.0 0.0 0.0 0.0
0.05364854165495067 0.03654014390826406 0.05533247397337568 0.842066060185 0.469471562785 0.26555828366
0.05012457720599451 0.036538813424804785 0.06083556663044651 0.842066060185 0.469471562785 0.26555828366
0.0466007023350396 0.03653949952985652 0.06633622508404206 0.842066060185 0.469471562785 0.26555828366
0.0 0.0 0.0 0.0 0.0 0.0
0.045870214541224905 0.041361706650064736 0.061990233359141896 0.842066060185 0.469471562785 0.26555828366
0.037575586149922825 0.05453130758664652 0.06619896127871207 0.690902925518 0.469471562786 0.549772315823
0.04230042294055293 0.05453071359300192 0.061684007685475516 0.690902925518 0.469471562786 0.549772315823
0.04183272901053012 0.04958129296015539 0.06592247283066345 0.690902925518 0.469471562786 0.549772315823
0.037107892219900004 0.0495818869538 0.07043742642390001 0.690902925518 0.469471562786 0.549772315823
0.04136496349104915 0.044631114724273085 0.07016158675361737 0.690902925518 0.469471562786 0.549772315823
0.04089726956102633 0.039681694091426564 0.0744000518988053 0.690902925518 0.469471562786 0.549772315823
0.0 0.0 0.0 0.0 0.0 0.0
0.03664019828987718 0.04463246632095348 0.07467589156908795 0.690902925518 0.469471562786 0.549772315823
0.032383055429269884 0.04958248094744461 0.07495238001713657 0.690902925518 0.469471562786 0.549772315823
0.028128364522448067 0.05453194097744242 0.07522695004256139 0.690902925518 0.469471562786 0.549772315823
0.0 0.0 0.0 0.0 0.0 0.0
0.03285082094875085 0.05453265918332692 0.07071326609418264 0.690902925518 0.469471562786 0.549772315823
0.026356397853724095 0.04541674390858716 0.08272892299769125 0.515758124261 0.469471562787 0.716651944107
0.02776993938553502 0.05039685704100556 0.07874028130832389 0.515758124261 0.469471562787 0.716651944107
0.03195451990411094 0.0454181175953184 0.07935796117323263 0.515758124261 0.469471562787 0.716651944107
0.0305409783723 0.040438004462899996 0.0833466028626 0.515758124261 0.469471562787 0.716651944107
0.036139740952385084 0.040438616058793085 0.0799757355858017 0.515758124261 0.469471562787 0.716651944107
0.04032432147096099 0.03545987661310593 0.08059341545071046 0.515758124261 0.469471562787 0.716651944107
0.0 0.0 0.0 0.0 0.0 0.0
0.034725558890875904 0.03545926501721284 0.08396428272750875 0.515758124261 0.469471562787 0.716651944107
0.02912743684048906 0.03545789133048159 0.08733524455196737 0.515758124261 0.469471562787 0.716651944107
0.02353053264488593 0.03545859971464018 0.09070416142886296 0.515758124261 0.469471562787 0.716651944107
0.0 0.0 0.0 0.0 0.0 0.0
0.024942215792214915 0.040437392867006906 0.08671747013939829 0.515758124261 0.469471562787 0.716651944107
0.034461873162988356 0.024029512423409543 0.09078795134815756 0.603373416038 0.384471962974 0.698657162351
0.030527886814881052 0.0292435671146113 0.09100306548079948 0.603373416038 0.384471962974 0.698657162351
0.035737688841692684 0.02924355237710176 0.08706123191744192 0.603373416038 0.384471962974 0.698657162351
0.0396716751898 0.0240294976859 0.0868461177848 0.603373416038 0.384471962974 0.698657162351
0.04094828832786861 0.029243537637336357 0.0831187949814281 0.603373416038 0.384471962974 0.698657162351
0.04615809035468025 0.029243522899826815 0.07917696141807054 0.603373416038 0.384471962974 0.698657162351
0.0 0.0 0.0 0.0 0.0 0.0
0.04488147721661164 0.024029482948390458 0.08290428422144244 0.603373416038 0.384471962974 0.698657162351
0.043605661537907306 0.018815442994698246 0.08663100365215809 0.603373416038 0.384471962974 0.698657162351
0.04232834414898798 0.01360416667258414 0.09035739565817909 0.603373416038 0.384471962974 0.698657162351
0.0 0.0 0.0 0.0 0.0 0.0
0.03839506205173139 0.018815457734463647 0.0905734405881719 0.603373416038 0.384471962974 0.698657162351
0.05068548315165301 0.020495965395595436 0.07701353236495377 0.969817309059 0.240147115584 0.0422344637311
0.05143240437559527 0.025984249925096306 0.07354514216077174 0.969817309059 0.240147115584 0.0422344637311
0.05443856751654226 0.02049747925350087 0.07166407337751794 0.969817309059 0.240147115584 0.0422344637311
0.053691646292599995 0.015009194724 0.07513246358169999 0.969817309059 0.240147115584 0.0422344637311
0.05744519080797769 0.015009868727218217 0.06978271666088236 0.969817309059 0.240147115584 0.0422344637311
0.060451353948924674 0.009523098055622781 0.06790164787762858 0.969817309059 0.240147115584 0.0422344637311
0.0 0.0 0.0 0.0 0.0 0.0
0.056697809433546985 0.009522424052404563 0.07325139479844621 0.969817309059 0.240147115584 0.0422344637311
0.05294472506865773 0.009520910194499129 0.07860085378588205 0.969817309059 0.240147115584 0.0422344637311
0.04919237325621449 0.009521690862270149 0.08394826374456407 0.969817309059 0.240147115584 0.0422344637311
0.0 0.0 0.0 0.0 0.0 0.0
0.049938101777222306 0.015008520720781784 0.08048221050251764 0.969817309059 0.240147115584 0.0422344637311
0.0 0.0 0.0 0.0 0.0 0.0
0.0 0.0 0.0 0.0 0.0 0.0
0.0 0.0 0.0 0.0 0.0 0.0
0.0 0.0 0.0 0.0 0.0 0.0
0.0 0.0 0.0 0.0 0.0 0.0
0.0 0.0 0.0 0.0 0.0 0.0
0.0 0.0 0.0 0.0 0.0 0.0
0.0 0.0 0.0 0.0 0.0 0.0
0.0 0.0 0.0 0.0 0.0 0.0
0.0 0.0 0.0 0.0 0.0 0.0
0.0 0.0 0.0 0.0 0.0 0.0
0.0 0.0 0.0 0.0 0.0 0.0
0.0 0.0 0.0 0.0 0.0 0.0
0.0 0.0 0.0 0.0 0.0 0.0
0.0 0.0 0.0 0.0 0.0 0.0
0.0 0.0 0.0 0.0 0.0 0.0
0.0 0.0 0.0 0.0 0.0 0.0
0.0 0.0 0.0 0.0 0.0 0.0
0.0 0.0 0.0 0.0 0.0 0.0
0.0 0.0 0.0 0.0 0.0 0.0
0.0 0.0 0.0 0.0 0.0 0.0
0.0 0.0 0.0 0.0 0.0 0.0
0.0 0.0 0.0 0.0 0.0 0.0
0.0 0.0 0.0 0.0 0.0 0.0
0.0 0.0 0.0 0.0 0.0 0.0
0.0 0.0 0.0 0.0 0.0 0.0
0.0 0.0 0.0 0.0 0.0 0.0
0.0 0.0 0.0 0.0 0.0 0.0
0.0 0.0 0.0 0.0 0.0 0.0
0.0 0.0 0.0 0.0 0.0 0.0
0.0 0.0 0.0 0.0 0.0 0.0
0.0 0.0 0.0 0.0 0.0 0.0
0.0 0.0 0.0 0.0 0.0 0.0
0.0 0.0 0.0 0.0 0.0 0.0
0.0 0.0 0.0 0.0 0.0 0.0
0.0 0.0 0.0 0.0 0.0 0.0
0.06111510340059122 0.020388825246464393 0.046420436977658304 0.879140549983 0.387613431916 0.277250285435
0.0602123713748857 0.02576994006573691 0.04282355399491181 0.879140549983 0.387613431916 0.277250285435
0.06270800907219448 0.020390309543272516 0.04008285026675351 0.879140549983 0.387613431916 0.277250285435
0.06361074109789999 0.015009194724 0.0436797332495 0.879140549983 0.387613431916 0.277250285435
0.06520402877435513 0.01500985556596005 0.037341727021722684 0.879140549983 0.387613431916 0.277250285435
0.06769966647166392 0.009630225043495656 0.03460102329356438 0.879140549983 0.387613431916 0.277250285435
0.0 0.0 0.0 0.0 0.0 0.0
0.06610637879520878 0.009629564201535608 0.0409390295213417 0.879140549983 0.387613431916 0.277250285435
0.0645134731236055 0.009628079904727485 0.04727661623224649 0.879140549983 0.387613431916 0.277250285435
0.06292036845659844 0.009628845328402037 0.05361198953885496 0.879140549983 0.387613431916 0.277250285435
0.0 0.0 0.0 0.0 0.0 0.0
0.06201745342144486 0.01500853388203995 0.05001773947727733 0.879140549983 0.387613431916 0.277250285435
0.05724824712159096 0.029346191120933666 0.055121350436139915 0.818589549934 0.240147115584 0.521766721452
0.060362934629380756 0.029345576613388304 0.04937612543173854 0.818589549934 0.240147115584 0.521766721452
0.060922068283089784 0.024225224987254636 0.053394764228898633 0.818589549934 0.240147115584 0.521766721452
0.057807380775299996 0.0242258394948 0.0591399892333 0.818589549934 0.240147115584 0.521766721452
0.06148128752284715 0.019104089593843125 0.05741401815521793 0.818589549934 0.240147115584 0.521766721452
0.06204042117655618 0.013983737967709452 0.06143265695237802 0.818589549934 0.240147115584 0.521766721452
0.0 0.0 0.0 0.0 0.0 0.0
0.05836651442900903 0.01910548786866633 0.06315862803046009 0.818589549934 0.240147115584 0.521766721452
0.05469269326751021 0.024226454002345365 0.06488521423770138 0.818589549934 0.240147115584 0.521766721452
0.05102058561738056 0.02934684638623285 0.06660920531682164 0.818589549934 0.240147115584 0.521766721452
0.0 0.0 0.0 0.0 0.0 0.0
0.05413347402775285 0.029347589395756872 0.06086596031138207 0.818589549934 0.240147115584 0.521766721452
0.0 0.0 0.0 0.0 0.0 0.0
0.0 0.0 0.0 0.0 0.0 0.0
0.0 0.0 0.0 0.0 0.0 0.0
0.0 0.0 0.0 0.0 0.0 0.0
0.0 0.0 0.0 0.0 0.0 0.0
0.0 0.0 0.0 0.0 0.0 0.0
0.0 0.0 0.0 0.0 0.0 0.0
0.0 0.0 0.0 0.0 0.0 0.0
0.0 0.0 0.0 0.0 0.0 0.0
0.0 0.0 0.0 0.0 0.0 0.0
0.0 0.0 0.0 0.0 0.0 0.0
0.0 0.0 0.0 0.0 0.0 0.0
0.025701411255001545 0.020385654238111093 0.09775520137164725 0.445615547897 0.238263246537 0.86293534452
0.028025222530376353 0.02588137147582455 0.09508951530619619 0.445615547897 0.238263246537 0.86293534452
0.03155127169637482 0.020387170146213458 0.09484290219084891 0.445615547897 0.238263246537 0.86293534452
0.029227460421 0.0148914529085 0.0975085882563 0.445615547897 0.238263246537 0.86293534452
0.035077860591313424 0.0148921278245115 0.09459625132667028 0.445615547897 0.238263246537 0.86293534452
0.038603909757311886 0.009397926494900406 0.09434963821132303 0.445615547897 0.238263246537 0.86293534452
0.0 0.0 0.0 0.0 0.0 0.0
0.03275350958699846 0.009397251578888908 0.09726197514095274 0.445615547897 0.238263246537 0.86293534452
0.02690364914562518 0.009395735670786543 0.10017427432175109 0.445615547897 0.238263246537 0.86293534452
0.02105541528576556 0.009396517395805182 0.10308513297673545 0.445615547897 0.238263246537 0.86293534452
0.0 0.0 0.0 0.0 0.0 0.0
0.023377060250686577 0.014890777992488499 0.10042092518592972 0.445615547897 0.238263246537 0.86293534452
0.023378955804136056 -0.014891483979614945 0.10041978779352785 0.445615547897 -0.238263246537 0.86293534452
0.021056269594861114 -0.009395107363891394 0.10308509488115795 0.445615547897 -0.238263246537 0.86293534452
0.026904774211725054 -0.009395076292776448 0.10017389534393012 0.445615547897 -0.238263246537 0.86293534452
0.029227460421 -0.0148914529085 0.0975085882563 0.445615547897 -0.238263246537 0.86293534452
0.03275417405354184 -0.009395045216905476 0.09726225019220094 0.445615547897 -0.238263246537 0.86293534452
0.038602678670405795 -0.009395014145790529 0.09435105065497308 0.445615547897 -0.238263246537 0.86293534452
0.0 0.0 0.0 0.0 0.0 0.0
0.03507596503786394 -0.014891421837385056 0.09459738871907215 0.445615547897 -0.238263246537 0.86293534452
0.031550146630274944 -0.020387829524223553 0.09484328116866989 0.445615547897 -0.238263246537 0.86293534452
0.028023752086272835 -0.025881323933757833 0.09509026030229817 0.445615547897 -0.238263246537 0.86293534452
0.0 0.0 0.0 0.0 0.0 0.0
0.02570074678845816 -0.020387860600094523 0.09775492632039906 0.445615547897 -0.238263246537 0.86293534452
0.03573861717671823 -0.02924147409256848 0.08706163020222515 0.603373416038 -0.384471962974 0.698657162351
0.030527220873403763 -0.029240848588880056 0.09100500910597577 0.603373416038 -0.384471962974 0.698657162351
0.03446027888648553 -0.02402887218221158 0.09078949668855062 0.603373416038 -0.384471962974 0.698657162351
0.0396716751898 -0.0240294976859 0.0868461177848 0.603373416038 -0.384471962974 0.698657162351
0.038393938928958544 -0.018816097983348597 0.09057395128284788 0.603373416038 -0.384471962974 0.698657162351
0.042326996942040326 -0.01360412157668012 0.09035843886542273 0.603373416038 -0.384471962974 0.698657162351
0.0 0.0 0.0 0.0 0.0 0.0
0.04360473320288177 -0.01881752127923152 0.08663060536737484 0.603373416038 -0.384471962974 0.698657162351
0.04488307149311447 -0.024030123189588422 0.08290273888104939 0.603373416038 -0.384471962974 0.698657162351
0.04615908801917743 -0.029242141083339585 0.07917693838982177 0.603373416038 -0.384471962974 0.698657162351
0.0 0.0 0.0 0.0 0.0 0.0
0.040949411450641446 -0.029242897388451403 0.08311828428675211 0.603373416038 -0.384471962974 0.698657162351
0.024943925746715407 -0.04043803261894604 0.08671603766767394 0.515758124261 -0.469471562787 0.716651944107
0.023531558135723187 -0.03545732197087221 0.0907043491113283 0.515758124261 -0.469471562787 0.716651944107
0.02912861076130778 -0.03545729381482617 0.08733491430625433 0.515758124261 -0.469471562787 0.716651944107
0.0305409783723 -0.040438004462899996 0.0833466028626 0.515758124261 -0.469471562787 0.716651944107
0.03472652012233178 -0.035457265654470306 0.08396496374504918 0.515758124261 -0.469471562787 0.716651944107
0.04032357274791638 -0.03545723749842427 0.08059552893997521 0.515758124261 -0.469471562787 0.716651944107
0.0 0.0 0.0 0.0 0.0 0.0
0.03613803099788459 -0.04043797630685395 0.07997716805752604 0.515758124261 -0.469471562787 0.716651944107
0.03195334598329222 -0.04541871511097382 0.07935829141894565 0.515758124261 -0.469471562787 0.716651944107
0.027768539173403297 -0.050396813959300193 0.07874115138605285 0.515758124261 -0.469471562787 0.716651944107
0.0 0.0 0.0 0.0 0.0 0.0
0.026355436622268226 -0.045418743271329685 0.08272824198015082 0.515758124261 -0.469471562787 0.716651944107
0.03285258989484767 -0.05453130758664652 0.07071261094664322 0.690902925518 -0.469471562786 0.549772315823
0.02812820766556561 -0.05453071359300191 0.07522804018413719 0.690902925518 -0.469471562786 0.549772315823
0.03238350999061793 -0.04958129296015539 0.07495285566139398 0.690902925518 -0.469471562786 0.549772315823
0.037107892219900004 -0.0495818869538 0.07043742642390001 0.690902925518 -0.469471562786 0.549772315823
0.03663946367068711 -0.044631114724273085 0.07467762901642166 0.690902925518 -0.469471562786 0.549772315823
0.04089476599573944 -0.039681694091426564 0.07440244449367846 0.690902925518 -0.469471562786 0.549772315823
0.0 0.0 0.0 0.0 0.0 0.0
0.04136319454495234 -0.04463246632095348 0.07016224190115679 0.690902925518 -0.469471562786 0.549772315823
0.04183227444918207 -0.04958248094744461 0.06592199718640604 0.690902925518 -0.469471562786 0.549772315823
0.04229932681179289 -0.05453194097744242 0.06168411499101248 0.690902925518 -0.469471562786 0.549772315823
0.0 0.0 0.0 0.0 0.0 0.0
0.037576320769112895 -0.05453265918332692 0.06619722383137835 0.690902925518 -0.469471562786 0.549772315823
0.048664851545491786 -0.04618445411353595 0.05214023642623573 0.842066060185 -0.469471562785 0.26555828366
0.044409533487655806 -0.05100793969963117 0.053295720752129724 0.842066060185 -0.469471562785 0.26555828366
0.04513951204386402 -0.04618578459699522 0.05764244831129401 0.842066060185 -0.469471562785 0.26555828366
0.0493948301017 -0.0413622990109 0.056486963985400006 0.842066060185 -0.469471562785 0.26555828366
0.04586960233718478 -0.041362891371735266 0.06198984121984742 0.842066060185 -0.469471562785 0.26555828366
0.04659958089339299 -0.036540736269099316 0.0663365687790117 0.842066060185 -0.469471562785 0.26555828366
0.0 0.0 0.0 0.0 0.0 0.0
0.05012480865790822 -0.03654014390826406 0.060833691544564285 0.842066060185 -0.469471562785 0.26555828366
0.05365014815953598 -0.036538813424804785 0.055331479659505994 0.842066060185 -0.469471562785 0.26555828366
0.0571733139419428 -0.036539499529856516 0.04983036700851097 0.842066060185 -0.469471562785 0.26555828366
0.0 0.0 0.0 0.0 0.0 0.0
0.052920057866215224 -0.041361706650064736 0.05098408675095258 0.842066060185 -0.469471562785 0.26555828366
0.04590032997682981 -0.054120436120075645 0.04248678632106856 0.881297508699 -0.469471562786 -0.0539551007415
0.048988975256244086 -0.054119891436250914 0.048246053552346464 0.881297508699 -0.469471562786 -0.0539551007415
0.05042249169781427 -0.049581342269975265 0.0437709344391779 0.881297508699 -0.469471562786 -0.0539551007415
0.0473338464184 -0.0495818869538 0.038011667207899995 0.881297508699 -0.469471562786 -0.0539551007415
0.05185622756636159 -0.04504209839236237 0.03929513032384904 0.881297508699 -0.469471562786 -0.0539551007415
0.05328974400793179 -0.040503549226086726 0.034820011210680485 0.881297508699 -0.469471562786 -0.0539551007415
0.0 0.0 0.0 0.0 0.0 0.0
0.048767362859970194 -0.04504333778752436 0.03353654809473144 0.881297508699 -0.469471562786 -0.0539551007415
0.04424520113898573 -0.049582431637624734 0.0322523999766221 0.881297508699 -0.469471562786 -0.0539551007415
0.039724837047497824 -0.05412101693053446 0.03097080330864492 0.881297508699 -0.469471562786 -0.0539551007415
0.0 0.0 0.0 0.0 0.0 0.0
0.042811465270438415 -0.05412167551523763 0.03672820409195095 0.881297508699 -0.469471562786 -0.0539551007415
0.04511546805331577 -0.04527912386945977 0.022565328025313965 0.833574136094 -0.469471562787 -0.291119582594
0.04447940673348966 -0.05012157899193032 0.026907555953956108 0.833574136094 -0.469471562787 -0.291119582594
0.04872461467267389 -0.045280459585370546 0.02801293437084214 0.833574136094 -0.469471562787 -0.291119582594
0.0493606759925 -0.040438004462899996 0.0236707064422 0.833574136094 -0.469471562787 -0.291119582594
0.05297047242173707 -0.040438599153339076 0.029118481986934803 0.833574136094 -0.469471562787 -0.291119582594
0.0572156803609213 -0.0355974797467793 0.03022386040382084 0.833574136094 -0.469471562787 -0.291119582594
0.0 0.0 0.0 0.0 0.0 0.0
0.05360588393168423 -0.03559688505634022 0.024776084859086032 0.833574136094 -0.469471562787 -0.291119582594
0.04999673731232611 -0.03559554934042945 0.01932847851355786 0.833574136094 -0.469471562787 -0.291119582594
0.04638772897543252 -0.03559623814375705 0.013883297492711756 0.833574136094 -0.469471562787 -0.291119582594
0.0 0.0 0.0 0.0 0.0 0.0
0.04575087956326293 -0.040437409772460915 0.018222930897465198 0.833574136094 -0.469471562787 -0.291119582594
0.05593310041447701 -0.024029512114630575 0.020195238352735203 0.895015152973 -0.384471962975 -0.226117636717
0.052287856183042505 -0.029134322402853397 0.018361663861625577 0.895015152973 -0.384471962975 -0.226117636717
0.0552018138173655 -0.029134307974122822 0.02420879477389037 0.895015152973 -0.384471962975 -0.226117636717
0.0588470580488 -0.0240294976859 0.026042369265 0.895015152973 -0.384471962975 -0.226117636717
0.058116217488369086 -0.029134293543183656 0.03005682070083637 0.895015152973 -0.384471962975 -0.226117636717
0.061030175122692085 -0.029134279114453078 0.035903951613101164 0.895015152973 -0.384471962975 -0.226117636717
0.0 0.0 0.0 0.0 0.0 0.0
0.061761015683123 -0.02402948325716943 0.0318895001772648 0.895015152973 -0.384471962975 -0.226117636717
0.0624923022802345 -0.01892468739767718 0.02787594375610963 0.895015152973 -0.384471962975 -0.226117636717
0.06322198310087958 -0.013822597266403816 0.02386207029119501 0.895015152973 -0.384471962975 -0.226117636717
0.0 0.0 0.0 0.0 0.0 0.0
0.05957789860923091 -0.018924701828616344 0.022027917829163635 0.895015152973 -0.384471962975 -0.226117636717
0.0627080624492537 -0.020388825246464393 0.040084620497575864 0.818589549934 -0.240147115584 0.521766721452
0.06021154049767718 -0.025769940065736904 0.04282685871609414 0.818589549934 -0.240147115584 0.521766721452
0.06111421914632348 -0.020390309543272516 0.046421971468018276 0.818589549934 -0.240147115584 0.521766721452
0.06361074109789999 -0.015009194724 0.0436797332495 0.818589549934 -0.240147115584 0.521766721452
0.06201703596711866 -0.015009855565960052 0.05001763452037896 0.818589549934 -0.240147115584 0.521766721452
0.06291971461576495 -0.00963022504349566 0.05361274727230311 0.818589549934 -0.240147115584 0.521766721452
0.0 0.0 0.0 0.0 0.0 0.0
0.06451341974654629 -0.009629564201535608 0.04727484600142415 0.818589549934 -0.240147115584 0.521766721452
0.06610726304947652 -0.009628079904727485 0.04093749503098173 0.818589549934 -0.240147115584 0.521766721452
0.06769988419781553 -0.009628845328402037 0.03460200015749395 0.818589549934 -0.240147115584 0.521766721452
0.0 0.0 0.0 0.0 0.0 0.0
0.06520444622868134 -0.015008533882039949 0.037341831978621044 0.818589549934 -0.240147115584 0.521766721452
0.0 0.0 0.0 0.0 0.0 0.0
0.0 0.0 0.0 0.0 0.0 0.0
0.0 0.0 0.0 0.0 0.0 0.0
0.0 0.0 0.0 0.0 0.0 0.0
0.0 0.0 0.0 0.0 0.0 0.0
0.0 0.0 0.0 0.0 0.0 0.0
0.0 0.0 0.0 0.0 0.0 0.0
0.0 0.0 0.0 0.0 0.0 0.0
0.0 0.0 0.0 0.0 0.0 0.0
0.0 0.0 0.0 0.0 0.0 0.0
0.0 0.0 0.0 0.0 0.0 0.0
0.0 0.0 0.0 0.0 0.0 0.0
0.0 0.0 0.0 0.0 0.0 0.0
0.0 0.0 0.0 0.0 0.0 0.0
0.0 0.0 0.0 0.0 0.0 0.0
0.0 0.0 0.0 0.0 0.0 0.0
0.0 0.0 0.0 0.0 0.0 0.0
0.0 0.0 0.0 0.0 0.0 0.0
0.0 0.0 0.0 0.0 0.0 0.0
0.0 0.0 0.0 0.0 0.0 0.0
0.0 0.0 0.0 0.0 0.0 0.0
0.0 0.0 0.0 0.0 0.0 0.0
0.0 0.0 0.0 0.0 0.0 0.0
0.0 0.0 0.0 0.0 0.0 0.0
0.0 0.0 0.0 0.0 0.0 0.0
0.0 0.0 0.0 0.0 0.0 0.0
0.0 0.0 0.0 0.0 0.0 0.0
0.0 0.0 0.0 0.0 0.0 0.0
0.0 0.0 0.0 0.0 0.0 0.0
0.0 0.0 0.0 0.0 0.0 0.0
0.0 0.0 0.0 0.0 0.0 0.0
0.0 0.0 0.0 0.0 0.0 0.0
0.0 0.0 0.0 0.0 0.0 0.0
0.0 0.0 0.0 0.0 0.0 0.0
0.0 0.0 0.0 0.0 0.0 0.0
0.0 0.0 0.0 0.0 0.0 0.0
0.05443790066443945 -0.020495965395595436 0.07166568683523496 0.879140549983 -0.387613431916 0.277250285435
0.05143044713872163 -0.025984249925096306 0.07354793156265188 0.879140549983 -0.387613431916 0.277250285435
0.05068419276688217 -0.02049747925350087 0.07701470830911693 0.879140549983 -0.387613431916 0.277250285435
0.053691646292599995 -0.015009194724 0.07513246358169999 0.879140549983 -0.387613431916 0.277250285435
0.0499378241666068 -0.015009868727218219 0.0804820157117501 0.879140549983 -0.387613431916 0.277250285435
0.04919156979476735 -0.009523098055622785 0.08394879245821514 0.879140549983 -0.387613431916 0.277250285435
0.0 0.0 0.0 0.0 0.0 0.0
0.052945391920760546 -0.009522424052404563 0.07859924032816504 0.879140549983 -0.387613431916 0.277250285435
0.056699099818317826 -0.009520910194499129 0.07325021885428307 0.879140549983 -0.387613431916 0.277250285435
0.060451130086806144 -0.009521690862270149 0.06790258327817045 0.879140549983 -0.387613431916 0.277250285435
0.0 0.0 0.0 0.0 0.0 0.0
0.057445468418593194 -0.015008520720781782 0.0697829114516499 0.879140549983 -0.387613431916 0.277250285435
0.05413487698676461 -0.029346191120933666 0.06086475128875678 0.969817309059 -0.240147115584 0.0422344637311
0.0510206973294756 -0.029345576613388304 0.06661025158764353 0.969817309059 -0.240147115584 0.0422344637311
0.05469320111801099 -0.024225224987254632 0.06488548953218677 0.969817309059 -0.240147115584 0.0422344637311
0.057807380775299996 -0.0242258394948 0.0591399892333 0.969817309059 -0.240147115584 0.0422344637311
0.05836626705315415 -0.01910408959384312 0.06316046346906803 0.969817309059 -0.240147115584 0.0422344637311
0.06203877084168953 -0.01398373796770945 0.06143570141361126 0.969817309059 -0.240147115584 0.0422344637311
0.0 0.0 0.0 0.0 0.0 0.0
0.06147988456383539 -0.01910548786866633 0.05741522717784322 0.969817309059 -0.240147115584 0.0422344637311
0.060921560432589006 -0.02422645400234537 0.053394488934413245 0.969817309059 -0.240147115584 0.0422344637311
0.06036199695684278 -0.02934684638623285 0.049376602854440614 0.969817309059 -0.240147115584 0.0422344637311
0.0 0.0 0.0 0.0 0.0 0.0
0.057248494497445845 -0.029347589395756876 0.05511951499753197 0.969817309059 -0.240147115584 0.0422344637311
0.0 0.0 0.0 0.0 0.0 0.0
0.0 0.0 0.0 0.0 0.0 0.0
0.0 0.0 0.0 0.0 0.0 0.0
0.0 0.0 0.0 0.0 0.0 0.0
0.0 0.0 0.0 0.0 0.0 0.0
0.0 0.0 0.0 0.0 0.0 0.0
0.0 0.0 0.0 0.0 0.0 0.0
0.0 0.0 0.0 0.0 0.0 0.0
0.0 0.0 0.0 0.0 0.0 0.0
0.0 0.0 0.0 0.0 0.0 0.0
0.0 0.0 0.0 0.0 0.0 0.0
0.0 0.0 0.0 0.0 0.0 0.0
0.05355712097488227 -0.020378740073468203 0.009211262062753797 0.860040732891 -0.238263246535 -0.451176864566
0.054038909229649636 -0.025867541238847814 0.012725494673793603 0.860040732891 -0.238263246535 -0.451176864566
0.05689096562716737 -0.020380254073879608 0.014831567529739808 0.860040732891 -0.238263246535 -0.451176864566
0.056409177372400005 -0.0148914529085 0.0113173349187 0.860040732891 -0.238263246535 -0.451176864566
0.05974345858620316 -0.014892126975165046 0.016937962760223885 0.860040732891 -0.238263246535 -0.451176864566
0.06259551498372089 -0.009404839810196844 0.01904403561617009 0.860040732891 -0.238263246535 -0.451176864566
0.0 0.0 0.0 0.0 0.0 0.0
0.05926123376991773 -0.009404165743531796 0.013423407774646205 0.860040732891 -0.238263246535 -0.451176864566
0.055927389117632634 -0.009402651743120391 0.007803102307660194 0.860040732891 -0.238263246535 -0.451176864566
0.05259411922966037 -0.009403432484379031 0.0021848953655495312 0.860040732891 -0.238263246535 -0.451176864566
0.0 0.0 0.0 0.0 0.0 0.0
0.05307489615859684 -0.014890778841834953 0.005696707077176113 0.860040732891 -0.238263246535 -0.451176864566
