name    head
spatial_sampling    taxel
taxel2Repr ( 3 3 3 3 3 3 -2 3 3 3 -2 3 15 15 15 15 15 15 -2 15 15 15 -2 15 27 27 27 27 27 27 -2 27 27 27 -2 27 39 39 39 39 39 39 -2 39 39 39 -2 39 51 51 51 51 51 51 -2 51 51 51 -2 51 63 63 63 63 63 63 -2 63 63 63 -2 63 75 75 75 75 75 75 -2 75 75 75 -2 75 87 87 87 87 87 87 -2 87 87 87 -2 87 99 99 99 99 99 99 -2 99 99 99 -2 99 -1 -1 -1 -1 -1 -1 -1 -1 -1 -1 -1 -1 -1 -1 -1 -1 -1 -1 -1 -1 -1 -1 -1 -1 -1 -1 -1 -1 -1 -1 -1 -1 -1 -1 -1 -1 147 147 147 147 147 147 -2 147 147 147 -2 147 159 159 159 159 159 159 -2 159 159 159 -2 159 -1 -1 -1 -1 -1 -1 -1 -1 -1 -1 -1 -1 183 183 183 183 183 183 -2 183 183 183 -2 183 195 195 195 195 195 195 -2 195 195 195 -2 195 207 207 207 207 207 207 -2 207 207 207 -2 207 219 219 219 219 219 219 -2 219 219 219 -2 219 231 231 231 231 231 231 -2 231 231 231 -2 231 243 243 243 243 243 243 -2 243 243 243 -2 243 255 255 255 255 255 255 -2 255 255 255 -2 255 267 267 267 267 267 267 -2 267 267 267 -2 267 279 279 279 279 279 279 -2 279 279 279 -2 279 291 291 291 291 291 291 -2 291 291 291 -2 291 -1 -1 -1 -1 -1 -1 -1 -1 -1 -1 -1 -1 -1 -1 -1 -1 -1 -1 -1 -1 -1 -1 -1 -1 -1 -1 -1 -1 -1 -1 -1 -1 -1 -1 -1 -1 339 339 339 339 339 339 -2 339 339 339 -2 339 351 351 351 351 351 351 -2 351 351 351 -2 351 -1 -1 -1 -1 -1 -1 -1 -1 -1 -1 -1 -1 375 375 375 375 375 375 -2 375 375 375 -2 375 )
[calibration]
0.00000000000000000000 0.00000000000000000000 0.00000000000000000000 0.86004073289100002597 0.23826324653500000061 -0.45117686456599997991
-0.00048109059642461455 -0.00548356483052403997 -0.00352249309260808420 0.86004073289100002597 0.23826324653500000061 -0.45117686456599997991
0.00285222059786537779 -0.00549303117525833974 0.00209613982566824418 0.86004073289100002597 0.23826324653500000061 -0.45117686456599997991
0.00333331119429000622 -0.00000946634473430151 0.00561863291827632838 0.86004073289100002597 0.23826324653500000061 -0.45117686456599997991
0.00618604201888035832 -0.00550249896899688770 0.00771563278265852831 0.86004073289100002597 0.23826324653500000061 -0.45117686456599997991
0.00951935321317032984 -0.00551196531373118921 0.01333426570093486016 0.86004073289100002597 0.23826324653500000061 -0.45117686456599997991
0.00000000000000000000 0.00000000000000000000 0.00000000000000000000 0.00000000000000000000 0.00000000000000000000 0.00000000000000000000
0.00666662238857999856 -0.00001893268946860649 0.01123726583655266023 0.86004073289100002597 0.23826324653500000061 -0.45117686456599997991
0.00381440179071462077 0.00547409848578973152 0.00914112601088441779 0.86004073289100002597 0.23826324653500000061 -0.45117686456599997991
0.00096229949268650944 0.01096422211779398206 0.00704374836561134920 0.86004073289100002597 0.23826324653500000061 -0.45117686456599997991
0.00000000000000000000 0.00000000000000000000 0.00000000000000000000 0.00000000000000000000 0.00000000000000000000 0.00000000000000000000
0.00048058036969964718 0.00548356627952828468 0.00352163305389413192 0.86004073289100002597 0.23826324653500000061 -0.45117686456599997991
0.00000000000000000000 0.00000000000000000000 0.00000000000000000000 0.89501515297300004992 0.38447196297500002560 -0.22611763671699999789
-0.00291467406314575156 0.00000869636939689056 -0.00584922973380126721 0.89501515297300004992 0.38447196297500002560 -0.22611763671699999789
0.00073038556534792132 -0.00509650303083648490 -0.00402424524384461038 0.89501515297300004992 0.38447196297500002560 -0.22611763671699999789
0.00364505962849366594 -0.00510519940023337893 0.00182498448995665682 0.89501515297300004992 0.38447196297500002560 -0.22611763671699999789
0.00437600313959828069 -0.01020248387901111567 -0.00219898140527475736 0.89501515297300004992 0.38447196297500002560 -0.22611763671699999789
0.00802106276809195357 -0.01530768327924449460 -0.00037399691531810053 0.89501515297300004992 0.38447196297500002560 -0.22611763671699999789
0.00000000000000000000 0.00000000000000000000 0.00000000000000000000 0.00000000000000000000 0.00000000000000000000 0.00000000000000000000
0.00729011925698733187 -0.01021039880046674744 0.00364996897991331712 0.89501515297300004992 0.38447196297500002560 -0.22611763671699999789
0.00655973369163941056 -0.00511389576963026948 0.00767421422375792403 0.89501515297300004992 0.38447196297500002560 -0.22611763671699999789
0.00582821145335668533 -0.00001795985660589874 0.01169556354770956083 0.89501515297300004992 0.38447196297500002560 -0.22611763671699999789
0.00000000000000000000 0.00000000000000000000 0.00000000000000000000 0.00000000000000000000 0.00000000000000000000 0.00000000000000000000
0.00291411611738904425 -0.00000791492145563871 0.00584895038518806407 0.89501515297300004992 0.38447196297500002560 -0.22611763671699999789
0.00000000000000000000 0.00000000000000000000 0.00000000000000000000 0.83357413609399999554 0.46947156278699997412 -0.29111958259400000371
0.00063704982089170942 -0.00483573617327442973 -0.00434956459754158586 0.83357413609399999554 0.46947156278699997412 -0.29111958259400000371
0.00424594452646177151 -0.00484486849471086473 0.00109615708142930812 0.83357413609399999554 0.46947156278699997412 -0.29111958259400000371
0.00360889470557006209 -0.00000913232143644194 0.00544572167897089399 0.83357413609399999554 0.46947156278699997412 -0.29111958259400000371
0.00785539164205870805 -0.00485400221402292054 0.00654271233175776623 0.83357413609399999554 0.46947156278699997412 -0.29111958259400000371
0.01146428634762876320 -0.00486313453545934860 0.01198843401072866716 0.83357413609399999554 0.46947156278699997412 -0.29111958259400000371
0.00000000000000000000 0.00000000000000000000 0.00000000000000000000 0.00000000000000000000 0.00000000000000000000 0.00000000000000000000
0.00721778941114011724 -0.00001826464287287693 0.01089144335794179491 0.83357413609399999554 0.46947156278699997412 -0.29111958259400000371
0.00297184488467835267 0.00482660385183797391 0.00979528627651248679 0.83357413609399999554 0.46947156278699997412 -0.29111958259400000371
-0.00127335782563783861 0.00966890821278154969 0.00869743363416428800 0.83357413609399999554 0.46947156278699997412 -0.29111958259400000371
0.00000000000000000000 0.00000000000000000000 0.00000000000000000000 0.00000000000000000000 0.00000000000000000000 0.00000000000000000000
-0.00063760223091858387 0.00483573757115002278 0.00434873102618402868 0.83357413609399999554 0.46947156278699997412 -0.29111958259400000371
0.00000000000000000000 0.00000000000000000000 0.00000000000000000000 0.88129750869900003174 0.46947156278599999624 -0.05395510074149999918
-0.00308793281366361722 0.00000868484967123107 -0.00575964274167120593 0.88129750869900003174 0.46947156278599999624 -0.05395510074149999918
0.00143336388197740083 -0.00453145148422216815 -0.00448483794891002541 0.88129750869900003174 0.46947156278599999624 -0.05395510074149999918
0.00452129669564100417 -0.00454013633389338533 0.00127480479276117359 0.88129750869900003174 0.46947156278599999624 -0.05395510074149999918
0.00595535264813665255 -0.00907228277239901029 -0.00320983802301051668 0.88129750869900003174 0.46947156278599999624 -0.05395510074149999918
0.01047664934377764284 -0.01361241910629238869 -0.00193503323024932922 0.88129750869900003174 0.46947156278599999624 -0.05395510074149999918
0.00000000000000000000 0.00000000000000000000 0.00000000000000000000 0.00000000000000000000 0.00000000000000000000 0.00000000000000000000
0.00904259339128200140 -0.00908027266778676026 0.00254960958552236105 0.88129750869900003174 0.46947156278599999624 -0.05395510074149999918
0.00760922950930460751 -0.00454882118356460252 0.00703444753443237952 0.88129750869900003174 0.46947156278599999624 -0.05395510074149999918
0.00617473525022031039 -0.00001787354229984550 0.01151637543353690313 0.88129750869900003174 0.46947156278599999624 -0.05395510074149999918
0.00000000000000000000 0.00000000000000000000 0.00000000000000000000 0.00000000000000000000 0.00000000000000000000 0.00000000000000000000
0.00308724074314535579 -0.00000798989538776385 0.00575944760853287080 0.88129750869900003174 0.46947156278599999624 -0.05395510074149999918
0.00000000000000000000 0.00000000000000000000 0.00000000000000000000 0.84206606018499996491 0.46947156278500001836 0.26555828366000000518
-0.00073026301858375442 0.00483045007149270414 -0.00434077838993249254 0.84206606018499996491 0.46947156278500001836 0.26555828366000000518
0.00352396220958912931 0.00001062617492279816 -0.00550308399261668912 0.84206606018499996491 0.46947156278500001836 0.26555828366000000518
0.00425422522817289067 -0.00481982389656990945 -0.00116230560268418270 0.84206606018499996491 0.46947156278500001836 0.26555828366000000518
0.00777883862790867964 -0.00480993548743565563 -0.00666556750829686018 0.84206606018499996491 0.46947156278500001836 0.26555828366000000518
0.01203306385608157031 -0.00962975938400556508 -0.00782787311098105676 0.84206606018499996491 0.46947156278500001836 0.26555828366000000518
0.00000000000000000000 0.00000000000000000000 0.00000000000000000000 0.00000000000000000000 0.00000000000000000000 0.00000000000000000000
0.00850845045634577440 -0.00963964779313981196 -0.00232461120536837929 0.84206606018499996491 0.46947156278500001836 0.26555828366000000518
0.00498448824675663121 -0.00965027396806262400 0.00317847278724832372 0.84206606018499996491 0.46947156278500001836 0.26555828366000000518
0.00146061539924199207 -0.00965887960198115458 0.00867912584825969446 0.84206606018499996491 0.46947156278500001836 0.26555828366000000518
0.00000000000000000000 0.00000000000000000000 0.00000000000000000000 0.00000000000000000000 0.00000000000000000000 0.00000000000000000000
0.00072961182843708783 -0.00482971230570417021 0.00434095630292849477 0.84206606018499996491 0.46947156278500001836 0.26555828366000000518
0.00000000000000000000 0.00000000000000000000 0.00000000000000000000 0.69090292551800003285 0.46947156278599999624 0.54977231582300001289
0.00472483512201708755 0.00000707244940567620 -0.00451494983916909953 0.69090292551800003285 0.46947156278599999624 0.54977231582300001289
0.00425747509432476690 -0.00494927217420333687 -0.00028454659875129518 0.69090292551800003285 0.46947156278599999624 0.54977231582300001289
-0.00046736002769232760 -0.00495634462360899919 0.00423040324041781129 0.69090292551800003285 0.46947156278599999624 0.54977231582300001289
0.00379004352828440916 -0.00990637546069670846 0.00394650418540453546 0.69090292551800003285 0.46947156278599999624 0.54977231582300001289
0.00332268350059208156 -0.01486272008430573541 0.00817690742582232594 0.69090292551800003285 0.46947156278599999624 0.54977231582300001289
0.00000000000000000000 0.00000000000000000000 0.00000000000000000000 0.00000000000000000000 0.00000000000000000000 0.00000000000000000000
-0.00093472005538464825 -0.00991268924721802266 0.00846080648083562953 0.69090292551800003285 0.46947156278599999624 0.54977231582300001289
-0.00519219514970942556 -0.00496341707301468926 0.00874535307958692470 0.69090292551800003285 0.46947156278599999624 0.54977231582300001289
-0.00944721825373967886 -0.00001469620723112963 0.00902798035485796041 0.69090292551800003285 0.46947156278599999624 0.54977231582300001289
0.00000000000000000000 0.00000000000000000000 0.00000000000000000000 0.00000000000000000000 0.00000000000000000000 0.00000000000000000000
-0.00472476358366905047 -0.00000631378652130032 0.00451430229543111489 0.69090292551800003285 0.46947156278599999624 0.54977231582300001289
0.00000000000000000000 0.00000000000000000000 0.00000000000000000000 0.51575812426099998387 0.46947156278699997412 0.71665194410699994965
0.00141328411304419282 0.00498643191801436889 -0.00398083078550498515 0.51575812426099998387 0.46947156278699997412 0.71665194410699994965
0.00559812071813479278 0.00000694542323104175 -0.00337095716173999027 0.51575812426099998387 0.46947156278699997412 0.71665194410699994965
0.00418483660509059302 -0.00497948649478333755 0.00060987362376502263 0.51575812426099998387 0.46947156278699997412 0.71665194410699994965
0.00978359789212254749 -0.00497330327674052469 -0.00276099018520842288 0.51575812426099998387 0.46947156278699997412 0.71665194410699994965
0.01396843449721314051 -0.00995278977152384836 -0.00215111656144340024 0.51575812426099998387 0.46947156278699997412 0.71665194410699994965
0.00000000000000000000 0.00000000000000000000 0.00000000000000000000 0.00000000000000000000 0.00000000000000000000 0.00000000000000000000
0.00836967321018118604 -0.00995897298956665428 0.00121974724753004526 0.51575812426099998387 0.46947156278699997412 0.71665194410699994965
0.00277155249204638632 -0.00996591841279770296 0.00459070440927003554 0.51575812426099998387 0.46947156278699997412 0.71665194410699994965
-0.00282535047906681824 -0.00997077849962070550 0.00795961988928733932 0.51575812426099998387 0.46947156278699997412 0.71665194410699994965
0.00000000000000000000 0.00000000000000000000 0.00000000000000000000 0.00000000000000000000 0.00000000000000000000 0.00000000000000000000
-0.00141392468194136145 -0.00498566971282613652 0.00398073743273846814 0.51575812426099998387 0.46947156278699997412 0.71665194410699994965
0.00000000000000000000 0.00000000000000000000 0.00000000000000000000 0.60337341603799998779 0.38447196297399999221 0.69865716235099994957
-0.00393420451365112528 0.00521354656984431009 0.00022328459156817360 0.60337341603799998779 0.38447196297399999221 0.69865716235099994957
0.00127559604247735187 0.00521992607394385078 -0.00371854575324512271 0.60337341603799998779 0.38447196297399999221 0.69865716235099994957
0.00520980055612847714 0.00000637950409954069 -0.00394183034481329631 0.60337341603799998779 0.38447196297399999221 0.69865716235099994957
0.00648619405774499003 0.00522630655454792148 -0.00766097947022201242 0.60337341603799998779 0.38447196297399999221 0.69865716235099994957
0.01169599461387346717 0.00523268605864746217 -0.01160280981503530873 0.60337341603799998779 0.38447196297399999221 0.69865716235099994957
0.00000000000000000000 0.00000000000000000000 0.00000000000000000000 0.00000000000000000000 0.00000000000000000000 0.00000000000000000000
0.01041960111225695429 0.00001275900819908485 -0.00788366068962659261 0.60337341603799998779 0.38447196297399999221 0.69865716235099994957
0.00914400506977960242 -0.00520716706574476593 -0.00416511493638146990 0.60337341603799998779 0.38447196297399999221 0.69865716235099994957
0.00786690720128710441 -0.01042432906134678136 -0.00044689227683863963 0.60337341603799998779 0.38447196297399999221 0.69865716235099994957
0.00000000000000000000 0.00000000000000000000 0.00000000000000000000 0.00000000000000000000 0.00000000000000000000 0.00000000000000000000
0.00393340705451196426 -0.00521354754634883663 -0.00022268121940458019 0.60337341603799998779 0.38447196297399999221 0.69865716235099994957
0.00000000000000000000 0.00000000000000000000 0.00000000000000000000 0.96981730905899998785 0.24014711558400000935 0.04223446373109999985
0.00074616922022018028 0.00549390119436018315 -0.00345964884943597561 0.96981730905899998785 0.24014711558400000935 0.04223446373109999985
0.00375308211655587393 0.00001054328387374223 -0.00534945038911041615 0.96981730905899998785 0.24014711558400000935 0.04223446373109999985
0.00300691289633568670 -0.00548335791048644092 -0.00188980153967444053 0.96981730905899998785 0.24014711558400000935 0.04223446373109999985
0.00676045527814435332 -0.00547365395891186851 -0.00723954119888123304 0.96981730905899998785 0.24014711558400000935 0.04223446373109999985
0.00976736817448004002 -0.01095701186939830943 -0.00912934273855564582 0.96981730905899998785 0.24014711558400000935 0.04223446373109999985
0.00000000000000000000 0.00000000000000000000 0.00000000000000000000 0.00000000000000000000 0.00000000000000000000 0.00000000000000000000
0.00601382579267138034 -0.01096671582097288357 -0.00377960307934885331 0.96981730905899998785 0.24014711558400000935 0.04223446373109999985
0.00226074367611548560 -0.01097725910484662927 0.00156984730976156284 0.96981730905899998785 0.24014711558400000935 0.04223446373109999985
-0.00149160620261842153 -0.01098550450382069013 0.00691725232537065970 0.96981730905899998785 0.24014711558400000935 0.04223446373109999985
0.00000000000000000000 0.00000000000000000000 0.00000000000000000000 0.00000000000000000000 0.00000000000000000000 0.00000000000000000000
-0.00074662948547297298 -0.00549306186206101506 0.00345993811953237973 0.96981730905899998785 0.24014711558400000935 0.04223446373109999985
0.00000000000000000000 0.00000000000000000000 0.00000000000000000000 0.00000000000000000000 0.00000000000000000000 0.00000000000000000000
0.00000000000000000000 0.00000000000000000000 0.00000000000000000000 0.00000000000000000000 0.00000000000000000000 0.00000000000000000000
0.00000000000000000000 0.00000000000000000000 0.00000000000000000000 0.00000000000000000000 0.00000000000000000000 0.00000000000000000000
0.00000000000000000000 0.00000000000000000000 0.00000000000000000000 0.00000000000000000000 0.00000000000000000000 0.00000000000000000000
0.00000000000000000000 0.00000000000000000000 0.00000000000000000000 0.00000000000000000000 0.00000000000000000000 0.00000000000000000000
0.00000000000000000000 0.00000000000000000000 0.00000000000000000000 0.00000000000000000000 0.00000000000000000000 0.00000000000000000000
0.00000000000000000000 0.00000000000000000000 0.00000000000000000000 0.00000000000000000000 0.00000000000000000000 0.00000000000000000000
0.00000000000000000000 0.00000000000000000000 0.00000000000000000000 0.00000000000000000000 0.00000000000000000000 0.00000000000000000000
0.00000000000000000000 0.00000000000000000000 0.00000000000000000000 0.00000000000000000000 0.00000000000000000000 0.00000000000000000000
0.00000000000000000000 0.00000000000000000000 0.00000000000000000000 0.00000000000000000000 0.00000000000000000000 0.00000000000000000000
0.00000000000000000000 0.00000000000000000000 0.00000000000000000000 0.00000000000000000000 0.00000000000000000000 0.00000000000000000000
0.00000000000000000000 0.00000000000000000000 0.00000000000000000000 0.00000000000000000000 0.00000000000000000000 0.00000000000000000000
0.00000000000000000000 0.00000000000000000000 0.00000000000000000000 0.00000000000000000000 0.00000000000000000000 0.00000000000000000000
0.00000000000000000000 0.00000000000000000000 0.00000000000000000000 0.00000000000000000000 0.00000000000000000000 0.00000000000000000000
0.00000000000000000000 0.00000000000000000000 0.00000000000000000000 0.00000000000000000000 0.00000000000000000000 0.00000000000000000000
0.00000000000000000000 0.00000000000000000000 0.00000000000000000000 0.00000000000000000000 0.00000000000000000000 0.00000000000000000000
0.00000000000000000000 0.00000000000000000000 0.00000000000000000000 0.00000000000000000000 0.00000000000000000000 0.00000000000000000000
0.00000000000000000000 0.00000000000000000000 0.00000000000000000000 0.00000000000000000000 0.00000000000000000000 0.00000000000000000000
0.00000000000000000000 0.00000000000000000000 0.00000000000000000000 0.00000000000000000000 0.00000000000000000000 0.00000000000000000000
0.00000000000000000000 0.00000000000000000000 0.00000000000000000000 0.00000000000000000000 0.00000000000000000000 0.00000000000000000000
0.00000000000000000000 0.00000000000000000000 0.00000000000000000000 0.00000000000000000000 0.00000000000000000000 0.00000000000000000000
0.00000000000000000000 0.00000000000000000000 0.00000000000000000000 0.00000000000000000000 0.00000000000000000000 0.00000000000000000000
0.00000000000000000000 0.00000000000000000000 0.00000000000000000000 0.00000000000000000000 0.00000000000000000000 0.00000000000000000000
0.00000000000000000000 0.00000000000000000000 0.00000000000000000000 0.00000000000000000000 0.00000000000000000000 0.00000000000000000000
0.00000000000000000000 0.00000000000000000000 0.00000000000000000000 0.00000000000000000000 0.00000000000000000000 0.00000000000000000000
0.00000000000000000000 0.00000000000000000000 0.00000000000000000000 0.00000000000000000000 0.00000000000000000000 0.00000000000000000000
0.00000000000000000000 0.00000000000000000000 0.00000000000000000000 0.00000000000000000000 0.00000000000000000000 0.00000000000000000000
0.00000000000000000000 0.00000000000000000000 0.00000000000000000000 0.00000000000000000000 0.00000000000000000000 0.00000000000000000000
0.00000000000000000000 0.00000000000000000000 0.00000000000000000000 0.00000000000000000000 0.00000000000000000000 0.00000000000000000000
0.00000000000000000000 0.00000000000000000000 0.00000000000000000000 0.00000000000000000000 0.00000000000000000000 0.00000000000000000000
0.00000000000000000000 0.00000000000000000000 0.00000000000000000000 0.00000000000000000000 0.00000000000000000000 0.00000000000000000000
0.00000000000000000000 0.00000000000000000000 0.00000000000000000000 0.00000000000000000000 0.00000000000000000000 0.00000000000000000000
0.00000000000000000000 0.00000000000000000000 0.00000000000000000000 0.00000000000000000000 0.00000000000000000000 0.00000000000000000000
0.00000000000000000000 0.00000000000000000000 0.00000000000000000000 0.00000000000000000000 0.00000000000000000000 0.00000000000000000000
0.00000000000000000000 0.00000000000000000000 0.00000000000000000000 0.00000000000000000000 0.00000000000000000000 0.00000000000000000000
0.00000000000000000000 0.00000000000000000000 0.00000000000000000000 0.00000000000000000000 0.00000000000000000000 0.00000000000000000000
0.00000000000000000000 0.00000000000000000000 0.00000000000000000000 0.87914054998299995258 0.38761343191600000635 0.27725028543500002121
-0.00090307516479481292 0.00538652086911473385 -0.00358869574822417992 0.87914054998299995258 0.38761343191600000635 0.27725028543500002121
0.00159290323524784172 0.00001122277413367206 -0.00633757756027313740 0.87914054998299995258 0.38761343191600000635 0.27725028543500002121
0.00249597840004263383 -0.00537529809498105485 -0.00274888181204895748 0.87914054998299995258 0.38761343191600000635 0.27725028543500002121
0.00408926369229339198 -0.00536489811253496734 -0.00908688014100602487 0.87914054998299995258 0.38761343191600000635 0.27725028543500002121
0.00658524209233603969 -0.01074019620751602566 -0.01183576195305498235 0.87914054998299995258 0.38761343191600000635 0.27725028543500002121
0.00000000000000000000 0.00000000000000000000 0.00000000000000000000 0.00000000000000000000 0.00000000000000000000 0.00000000000000000000
0.00499195680008528847 -0.01075059618996211143 -0.00549776362409791497 0.87914054998299995258 0.38761343191600000635 0.27725028543500002121
0.00339905356483743287 -0.01076181896409578349 0.00083981393617521549 0.87914054998299995258 0.38761343191600000635 0.27725028543500002121
0.00180595119046499109 -0.01077078866716425082 0.00717518151581855723 0.87914054998299995258 0.38761343191600000635 0.27725028543500002121
0.00000000000000000000 0.00000000000000000000 0.00000000000000000000 0.00000000000000000000 0.00000000000000000000 0.00000000000000000000
0.00090269310779189649 -0.00538569807742714408 0.00358911651690810990 0.87914054998299995258 0.38761343191600000635 0.27725028543500002121
0.00000000000000000000 0.00000000000000000000 0.00000000000000000000 0.81858954993400001587 0.24014711558400000935 0.52176672145199998187
0.00311468534180750489 0.00000805651717231126 -0.00574522056269910486 0.81858954993400001587 0.24014711558400000935 0.52176672145199998187
0.00367367246713148909 -0.00511843346193729606 -0.00173439485122636045 0.81858954993400001587 0.24014711558400000935 0.52176672145199998187
0.00055898712532399114 -0.00512648997910960733 0.00401082571147273748 0.81858954993400001587 0.24014711558400000935 0.52176672145199998187
0.00423274515607486440 -0.01024570814791651158 0.00227704479346410582 0.81858954993400001587 0.24014711558400000935 0.52176672145199998187
0.00479173228139884166 -0.01537219812702612411 0.00628787050493684330 0.81858954993400001587 0.24014711558400000935 0.52176672145199998187
0.00000000000000000000 0.00000000000000000000 0.00000000000000000000 0.00000000000000000000 0.00000000000000000000 0.00000000000000000000
0.00111797425064798228 -0.01025297995821921812 0.00802165142294546107 0.81858954993400001587 0.24014711558400000935 0.52176672145199998187
-0.00255569821648351375 -0.00513454649628191859 0.00975604627417184234 0.81858954993400001587 0.24014711558400000935 0.52176672145199998187
-0.00622765718980347605 -0.00001668287561590320 0.01148784512465023111 0.81858954993400001587 0.24014711558400000935 0.52176672145199998187
0.00000000000000000000 0.00000000000000000000 0.00000000000000000000 0.00000000000000000000 0.00000000000000000000 0.00000000000000000000
-0.00311477090542686824 -0.00000727181030270654 0.00574460662948136913 0.81858954993400001587 0.24014711558400000935 0.52176672145199998187
0.00000000000000000000 0.00000000000000000000 0.00000000000000000000 0.00000000000000000000 0.00000000000000000000 0.00000000000000000000
0.00000000000000000000 0.00000000000000000000 0.00000000000000000000 0.00000000000000000000 0.00000000000000000000 0.00000000000000000000
0.00000000000000000000 0.00000000000000000000 0.00000000000000000000 0.00000000000000000000 0.00000000000000000000 0.00000000000000000000
0.00000000000000000000 0.00000000000000000000 0.00000000000000000000 0.00000000000000000000 0.00000000000000000000 0.00000000000000000000
0.00000000000000000000 0.00000000000000000000 0.00000000000000000000 0.00000000000000000000 0.00000000000000000000 0.00000000000000000000
0.00000000000000000000 0.00000000000000000000 0.00000000000000000000 0.00000000000000000000 0.00000000000000000000 0.00000000000000000000
0.00000000000000000000 0.00000000000000000000 0.00000000000000000000 0.00000000000000000000 0.00000000000000000000 0.00000000000000000000
0.00000000000000000000 0.00000000000000000000 0.00000000000000000000 0.00000000000000000000 0.00000000000000000000 0.00000000000000000000
0.00000000000000000000 0.00000000000000000000 0.00000000000000000000 0.00000000000000000000 0.00000000000000000000 0.00000000000000000000
0.00000000000000000000 0.00000000000000000000 0.00000000000000000000 0.00000000000000000000 0.00000000000000000000 0.00000000000000000000
0.00000000000000000000 0.00000000000000000000 0.00000000000000000000 0.00000000000000000000 0.00000000000000000000 0.00000000000000000000
0.00000000000000000000 0.00000000000000000000 0.00000000000000000000 0.00000000000000000000 0.00000000000000000000 0.00000000000000000000
0.00000000000000000000 0.00000000000000000000 0.00000000000000000000 0.44561554789699997503 0.23826324653700001188 0.86293534451999998058
0.00232327854163129344 0.00550012627019570016 -0.00265704287317661270 0.44561554789699997503 0.23826324653700001188 0.86293534451999998058
0.00584985918301493546 0.00000666064330458183 -0.00291229448626451060 0.44561554789699997503 0.23826324653700001188 0.86293534451999998058
0.00352658064138363161 -0.00549346562689111660 -0.00025525161308787014 0.44561554789699997503 0.23826324653700001188 0.86293534451999998058
0.00937697963469114742 -0.00548764586306409521 -0.00316758517047024957 0.44561554789699997503 0.23826324653700001188 0.86293534451999998058
0.01290356027607477557 -0.01098111148995521529 -0.00342283678355811971 0.44561554789699997503 0.23826324653700001188 0.86293534451999998058
0.00000000000000000000 0.00000000000000000000 0.00000000000000000000 0.00000000000000000000 0.00000000000000000000 0.00000000000000000000
0.00705316128276727017 -0.01098693125378223494 -0.00051050322617574029 0.44561554789699997503 0.23826324653700001188 0.86293534451999998058
0.00120330209975233471 -0.01099359189708681676 0.00240179126008877031 0.44561554789699997503 0.23826324653700001188 0.86293534451999998058
-0.00464493072459714815 -0.01099795248793662347 0.00531264883431817325 0.44561554789699997503 0.23826324653700001188 0.86293534451999998058
0.00000000000000000000 0.00000000000000000000 0.00000000000000000000 0.00000000000000000000 0.00000000000000000000 0.00000000000000000000
-0.00232381835192387379 -0.00549928539071814146 0.00265708194429450928 0.44561554789699997503 0.23826324653700001188 0.86293534451999998058
0.00000000000000000000 0.00000000000000000000 0.00000000000000000000 0.44561554789699997503 -0.23826324653700001188 0.86293534451999998058
-0.00232459650485487140 0.00549113375481250290 0.00267443268308910354 0.44561554789699997503 -0.23826324653700001188 0.86293534451999998058
0.00352390659029558004 0.00549803439646827201 -0.00023676173280964830 0.44561554789699997503 -0.23826324653700001188 0.86293534451999998058
0.00584850309515045144 0.00000690064165576910 -0.00291119441589877959 0.44561554789699997503 -0.23826324653700001188 0.86293534451999998058
0.00937330491016595199 0.00550493609439859505 -0.00314840176242583980 0.44561554789699997503 -0.23826324653700001188 0.86293534451999998058
0.01522180800531642425 0.00551183673605436762 -0.00605959617832463326 0.44561554789699997503 -0.23826324653700001188 0.86293534451999998058
0.00000000000000000000 0.00000000000000000000 0.00000000000000000000 0.00000000000000000000 0.00000000000000000000 0.00000000000000000000
0.01169700619030090635 0.00001380128331153821 -0.00582238883179755917 0.44561554789699997503 -0.23826324653700001188 0.86293534451999998058
0.00817309960000532285 -0.00548423311315673033 -0.00558562709898791088 0.44561554789699997503 -0.23826324653700001188 0.86293534451999998058
0.00464861586060204973 -0.01097935624190462221 -0.00534777384468612671 0.44561554789699997503 -0.23826324653700001188 0.86293534451999998058
0.00000000000000000000 0.00000000000000000000 0.00000000000000000000 0.00000000000000000000 0.00000000000000000000 0.00000000000000000000
0.00232370128013495089 -0.00549113481108705510 -0.00267398706937171937 0.44561554789699997503 -0.23826324653700001188 0.86293534451999998058
0.00000000000000000000 0.00000000000000000000 0.00000000000000000000 0.60337341603799998779 -0.38447196297399999221 0.69865716235099994957
-0.00521139455985344252 -0.00000813105124032598 0.00394337287452449503 0.60337341603799998779 -0.38447196297399999221 0.69865716235099994957
-0.00128073416647286886 0.00520599450965985103 0.00373626781162975097 0.60337341603799998779 -0.38447196297399999221 0.69865716235099994957
0.00393066039338058060 0.00521412556090017701 -0.00020710506289474406 0.60337341603799998779 -0.38447196297399999221 0.69865716235099994957
0.00265052788929762140 0.01042091819172349249 0.00352913104736306271 0.60337341603799998779 -0.38447196297399999221 0.69865716235099994957
0.00658118828267821587 0.01563504375262366949 0.00332202598446831865 0.60337341603799998779 -0.38447196297399999221 0.69865716235099994957
0.00000000000000000000 0.00000000000000000000 0.00000000000000000000 0.00000000000000000000 0.00000000000000000000 0.00000000000000000000
0.00786132078676116119 0.01042825112180035749 -0.00041421012578950200 0.60337341603799998779 -0.38447196297399999221 0.69865716235099994957
0.00914205495323403006 0.00522225661214050646 -0.00415047793741923909 0.60337341603799998779 -0.38447196297399999221 0.69865716235099994957
0.01042046708795374421 0.00001684171848492441 -0.00788467881561394357 0.60337341603799998779 -0.38447196297399999221 0.69865716235099994957
0.00000000000000000000 0.00000000000000000000 0.00000000000000000000 0.00000000000000000000 0.00000000000000000000 0.00000000000000000000
0.00521079289746352592 0.00000733293007686153 -0.00394334117315256472 0.60337341603799998779 -0.38447196297399999221 0.69865716235099994957
0.00000000000000000000 0.00000000000000000000 0.00000000000000000000 0.51575812426099998387 -0.46947156278699997412 0.71665194410699994965
-0.00141471330180029109 0.00497356919739555536 0.00399638395458039308 0.51575812426099998387 -0.46947156278699997412 0.71665194410699994965
0.00418233741166260109 0.00498170013351940250 0.00062695578368814064 0.51575812426099998387 -0.46947156278699997412 0.71665194410699994965
0.00559705071346288524 0.00000813093612384713 -0.00336942817089222468 0.51575812426099998387 -0.46947156278699997412 0.71665194410699994965
0.00978024486027220114 0.00498983231423779511 -0.00274298814231981047 0.51575812426099998387 -0.46947156278699997412 0.71665194410699994965
0.01537729557373510025 0.00499796325036164918 -0.00611241631321206291 0.51575812426099998387 -0.46947156278699997412 0.71665194410699994965
0.00000000000000000000 0.00000000000000000000 0.00000000000000000000 0.00000000000000000000 0.00000000000000000000 0.00000000000000000000
0.01119410142692576354 0.00001626187224770120 -0.00673885634178446324 0.51575812426099998387 -0.46947156278699997412 0.71665194410699994965
0.00701176401526316939 -0.00496543826127170823 -0.00736581212547260389 0.51575812426099998387 -0.46947156278699997412 0.71665194410699994965
0.00282930356479087208 -0.00994450131679497362 -0.00799102702401414955 0.51575812426099998387 -0.46947156278699997412 0.71665194410699994965
0.00000000000000000000 0.00000000000000000000 0.00000000000000000000 0.00000000000000000000 0.00000000000000000000 0.00000000000000000000
0.00141385656665356935 -0.00497357044199010084 -0.00399586819946463889 0.51575812426099998387 -0.46947156278699997412 0.71665194410699994965
0.00000000000000000000 0.00000000000000000000 0.00000000000000000000 0.69090292551800003285 -0.46947156278599999624 0.54977231582300001289
-0.00472438033210403202 -0.00000870342033721522 0.00451542287367451278 0.69090292551800003285 -0.46947156278599999624 0.54977231582300001289
-0.00047106571672475561 0.00494286973877053337 0.00424835166106493634 0.69090292551800003285 -0.46947156278599999624 0.54977231582300001289
0.00425331461537927988 0.00495157315910774165 -0.00026707121260957645 0.69090292551800003285 -0.46947156278599999624 0.54977231582300001289
0.00378289994941456362 0.00989520083039918674 0.00398123956812279634 0.69090292551800003285 -0.46947156278599999624 0.54977231582300001289
0.00803621456479384697 0.01484677398950693533 0.00371416835551321989 0.69090292551800003285 -0.46947156278599999624 0.54977231582300001289
0.00000000000000000000 0.00000000000000000000 0.00000000000000000000 0.00000000000000000000 0.00000000000000000000 0.00000000000000000000
0.00850662923075857710 0.00990314631821549024 -0.00053414242521916677 0.69090292551800003285 -0.46947156278599999624 0.54977231582300001289
0.00897769494748332578 0.00496027657944496381 -0.00478249408628407535 0.69090292551800003285 -0.46947156278599999624 0.54977231582300001289
0.00944673290099272769 0.00001795675026949883 -0.00902848232276175222 0.69090292551800003285 -0.46947156278599999624 0.54977231582300001289
0.00000000000000000000 0.00000000000000000000 0.00000000000000000000 0.00000000000000000000 0.00000000000000000000 0.00000000000000000000
0.00472372928134400308 0.00000794548781630350 -0.00451538199334193535 0.69090292551800003285 -0.46947156278599999624 0.54977231582300001289
0.00000000000000000000 0.00000000000000000000 0.00000000000000000000 0.84206606018499996491 -0.46947156278500001836 0.26555828366000000518
-0.00425382945750964886 -0.00482664019733176908 0.00114776668008976374 0.84206606018499996491 -0.46947156278500001836 0.26555828366000000518
-0.00352533684054832236 -0.00001121936098996690 0.00550220231240288599 0.84206606018499996491 -0.46947156278500001836 0.26555828366000000518
0.00072849261696131956 0.00481542083634180912 0.00435443563231311531 0.84206606018499996491 -0.46947156278500001836 0.26555828366000000518
-0.00279673271392574807 0.00480493856716820295 0.00985730447397243498 0.84206606018499996491 -0.46947156278500001836 0.26555828366000000518
-0.00206824009696443545 0.00962035940351000513 0.01421174010628554335 0.84206606018499996491 -0.46947156278500001836 0.26555828366000000518
0.00000000000000000000 0.00000000000000000000 0.00000000000000000000 0.00000000000000000000 0.00000000000000000000 0.00000000000000000000
0.00145698523392263912 0.00963084167268360436 0.00870887126462622368 0.84206606018499996491 -0.46947156278500001836 0.26555828366000000518
0.00498232207447096842 0.00964206103367358514 0.00320666895222333076 0.84206606018499996491 -0.46947156278500001836 0.26555828366000000518
0.00850548581839997292 0.00965126137993203848 -0.00229443735352034134 0.84206606018499996491 -0.46947156278500001836 0.26555828366000000518
0.00000000000000000000 0.00000000000000000000 0.00000000000000000000 0.00000000000000000000 0.00000000000000000000 0.00000000000000000000
0.00425371794784838719 0.00482590310551541529 -0.00114843320934623211 0.84206606018499996491 -0.46947156278500001836 0.26555828366000000518
0.00000000000000000000 0.00000000000000000000 0.00000000000000000000 0.88129750869900003174 -0.46947156278599999624 -0.05395510074149999918
0.00308864707779921144 -0.00000757512530234067 0.00575926131081748449 0.88129750869900003174 -0.46947156278599999624 -0.05395510074149999918
0.00452065446442546232 0.00453855054282932546 0.00129135517324002747 0.88129750869900003174 -0.46947156278599999624 -0.05395510074149999918
0.00143200738662624394 0.00454612566813165225 -0.00446790613757745703 0.88129750869900003174 -0.46947156278599999624 -0.05395510074149999918
0.00595288104703924764 0.00908537208202606084 -0.00317723486241452968 0.88129750869900003174 -0.46947156278599999624 -0.05395510074149999918
0.00738488843366550546 0.01363149775015771309 -0.00764514099999197283 0.88129750869900003174 -0.46947156278599999624 -0.05395510074149999918
0.00000000000000000000 0.00000000000000000000 0.00000000000000000000 0.00000000000000000000 0.00000000000000000000 0.00000000000000000000
0.00286401477325250176 0.00909225133626331145 -0.00893581227515491405 0.88129750869900003174 -0.46947156278599999624 -0.05395510074149999918
-0.00165663969117296056 0.00455370079343398598 -0.01022716744839492764 0.88129750869900003174 -0.46947156278599999624 -0.05395510074149999918
-0.00617549669414651364 0.00001565535249593158 -0.01151597036686546893 0.88129750869900003174 -0.46947156278599999624 -0.05395510074149999918
0.00000000000000000000 0.00000000000000000000 0.00000000000000000000 0.00000000000000000000 0.00000000000000000000 0.00000000000000000000
-0.00308886627378675283 0.00000687925423725061 -0.00575857741274038437 0.88129750869900003174 -0.46947156278599999624 -0.05395510074149999918
0.00000000000000000000 0.00000000000000000000 0.00000000000000000000 0.83357413609399999554 -0.46947156278699997412 -0.29111958259400000371
-0.00063392164570696269 -0.00484954621493054877 0.00433462038203542843 0.83357413609399999554 -0.46947156278699997412 -0.29111958259400000371
0.00360914880348969791 -0.00000829417442534813 0.00544759874815863021 0.83357413609399999554 -0.46947156278699997412 -0.29111958259400000371
0.00424307044919666060 0.00484125204050520064 0.00111297836612320178 0.83357413609399999554 -0.46947156278699997412 -0.29111958259400000371
0.00785286873538178221 0.00483369891185369410 0.00656074747680535086 0.83357413609399999554 -0.46947156278699997412 -0.29111958259400000371
0.01209593918457843587 0.00967495095235889474 0.00767372584292856652 0.83357413609399999554 -0.46947156278699997412 -0.29111958259400000371
0.00000000000000000000 0.00000000000000000000 0.00000000000000000000 0.00000000000000000000 0.00000000000000000000 0.00000000000000000000
0.00848614089839332120 0.00968250408101040821 0.00222595673224640356 0.83357413609399999554 -0.46947156278699997412 -0.29111958259400000371
0.00487699209490363716 0.00969079825543574941 -0.00322164201591222665 0.83357413609399999554 -0.46947156278699997412 -0.29111958259400000371
0.00126798246860557184 0.00969706416694672557 -0.00866681862054506646 0.83357413609399999554 -0.46947156278699997412 -0.29111958259400000371
0.00000000000000000000 0.00000000000000000000 0.00000000000000000000 0.00000000000000000000 0.00000000000000000000 0.00000000000000000000
0.00063327216301155287 0.00484880516915671411 -0.00433479074455894731 0.83357413609399999554 -0.46947156278699997412 -0.29111958259400000371
0.00000000000000000000 0.00000000000000000000 0.00000000000000000000 0.89501515297300004992 -0.38447196297500002560 -0.22611763671699999789
-0.00364363874038842878 -0.00510309755746456498 -0.00184151596478004942 0.89501515297300004992 -0.38447196297500002560 -0.22611763671699999789
-0.00072967912368282484 -0.00511126470437556560 0.00400560825571673329 0.89501515297300004992 -0.38447196297500002560 -0.22611763671699999789
0.00291395961670560394 -0.00000816714691100062 0.00584712422049679659 0.89501515297300004992 -0.38447196297500002560 -0.22611763671699999789
0.00218472653000682110 -0.00511943310142385505 0.00985362748987042569 0.89501515297300004992 -0.38447196297500002560 -0.22611763671699999789
0.00509868614671243198 -0.00512760024833485220 0.01570075171036722228 0.89501515297300004992 -0.38447196297500002560 -0.22611763671699999789
0.00000000000000000000 0.00000000000000000000 0.00000000000000000000 0.00000000000000000000 0.00000000000000000000 0.00000000000000000000
0.00582791923341121482 -0.00001633429382200818 0.01169424844099359317 0.89501515297300004992 -0.38447196297500002560 -0.22611763671699999789
0.00655759835709403271 0.00509493041055356435 0.00768864018527685988 0.89501515297300004992 -0.38447196297500002560 -0.22611763671699999789
0.00728567255549941034 0.01020348937826996011 0.00368271067578961053 0.89501515297300004992 -0.38447196297500002560 -0.22611763671699999789
0.00000000000000000000 0.00000000000000000000 0.00000000000000000000 0.00000000000000000000 0.00000000000000000000 0.00000000000000000000
0.00364319270340438678 0.00510309880760185727 0.00184062095112316748 0.89501515297300004992 -0.38447196297500002560 -0.22611763671699999789
0.00000000000000000000 0.00000000000000000000 0.00000000000000000000 0.81858954993400001587 -0.24014711558400000935 0.52176672145199998187
-0.00249486981020644039 -0.00538646822329690370 0.00273321673299668777 0.81858954993400001587 -0.24014711558400000935 0.52176672145199998187
-0.00159384022479502202 -0.00001259304419033019 0.00633733940649096328 0.81858954993400001587 -0.24014711558400000935 0.52176672145199998187
0.00090102958541141143 0.00537387517910658218 0.00360412267349428939 0.81858954993400001587 -0.24014711558400000935 0.52176672145199998187
-0.00069267271965525040 0.00536210470879947346 0.00994201375956178801 0.81858954993400001587 -0.24014711558400000935 0.52176672145199998187
0.00020835686575615409 0.01073597988790605216 0.01354613643305607740 0.81858954993400001587 -0.24014711558400000935 0.52176672145199998187
0.00000000000000000000 0.00000000000000000000 0.00000000000000000000 0.00000000000000000000 0.00000000000000000000 0.00000000000000000000
0.00180205917082282285 0.01074775035821316088 0.00720824534698856489 0.81858954993400001587 -0.24014711558400000935 0.52176672145199998187
0.00339589939561786569 0.01076034340240349281 0.00087090594049760162 0.81858954993400001587 -0.24014711558400000935 0.52176672145199998187
0.00498851815683772765 0.01077068324408155323 -0.00546458114173092868 0.81858954993400001587 -0.24014711558400000935 0.52176672145199998187
0.00000000000000000000 0.00000000000000000000 0.00000000000000000000 0.00000000000000000000 0.00000000000000000000 0.00000000000000000000
0.00249473189047809407 0.00538564564941369089 -0.00273376841257322312 0.81858954993400001587 -0.24014711558400000935 0.52176672145199998187
0.00000000000000000000 0.00000000000000000000 0.00000000000000000000 0.00000000000000000000 0.00000000000000000000 0.00000000000000000000
0.00000000000000000000 0.00000000000000000000 0.00000000000000000000 0.00000000000000000000 0.00000000000000000000 0.00000000000000000000
0.00000000000000000000 0.00000000000000000000 0.00000000000000000000 0.00000000000000000000 0.00000000000000000000 0.00000000000000000000
0.00000000000000000000 0.00000000000000000000 0.00000000000000000000 0.00000000000000000000 0.00000000000000000000 0.00000000000000000000
0.00000000000000000000 0.00000000000000000000 0.00000000000000000000 0.00000000000000000000 0.00000000000000000000 0.00000000000000000000
0.00000000000000000000 0.00000000000000000000 0.00000000000000000000 0.00000000000000000000 0.00000000000000000000 0.00000000000000000000
0.00000000000000000000 0.00000000000000000000 0.00000000000000000000 0.00000000000000000000 0.00000000000000000000 0.00000000000000000000
0.00000000000000000000 0.00000000000000000000 0.00000000000000000000 0.00000000000000000000 0.00000000000000000000 0.00000000000000000000
0.00000000000000000000 0.00000000000000000000 0.00000000000000000000 0.00000000000000000000 0.00000000000000000000 0.00000000000000000000
0.00000000000000000000 0.00000000000000000000 0.00000000000000000000 0.00000000000000000000 0.00000000000000000000 0.00000000000000000000
0.00000000000000000000 0.00000000000000000000 0.00000000000000000000 0.00000000000000000000 0.00000000000000000000 0.00000000000000000000
0.00000000000000000000 0.00000000000000000000 0.00000000000000000000 0.00000000000000000000 0.00000000000000000000 0.00000000000000000000
0.00000000000000000000 0.00000000000000000000 0.00000000000000000000 0.00000000000000000000 0.00000000000000000000 0.00000000000000000000
0.00000000000000000000 0.00000000000000000000 0.00000000000000000000 0.00000000000000000000 0.00000000000000000000 0.00000000000000000000
0.00000000000000000000 0.00000000000000000000 0.00000000000000000000 0.00000000000000000000 0.00000000000000000000 0.00000000000000000000
0.00000000000000000000 0.00000000000000000000 0.00000000000000000000 0.00000000000000000000 0.00000000000000000000 0.00000000000000000000
0.00000000000000000000 0.00000000000000000000 0.00000000000000000000 0.00000000000000000000 0.00000000000000000000 0.00000000000000000000
0.00000000000000000000 0.00000000000000000000 0.00000000000000000000 0.00000000000000000000 0.00000000000000000000 0.00000000000000000000
0.00000000000000000000 0.00000000000000000000 0.00000000000000000000 0.00000000000000000000 0.00000000000000000000 0.00000000000000000000
0.00000000000000000000 0.00000000000000000000 0.00000000000000000000 0.00000000000000000000 0.00000000000000000000 0.00000000000000000000
0.00000000000000000000 0.00000000000000000000 0.00000000000000000000 0.00000000000000000000 0.00000000000000000000 0.00000000000000000000
0.00000000000000000000 0.00000000000000000000 0.00000000000000000000 0.00000000000000000000 0.00000000000000000000 0.00000000000000000000
0.00000000000000000000 0.00000000000000000000 0.00000000000000000000 0.00000000000000000000 0.00000000000000000000 0.00000000000000000000
0.00000000000000000000 0.00000000000000000000 0.00000000000000000000 0.00000000000000000000 0.00000000000000000000 0.00000000000000000000
0.00000000000000000000 0.00000000000000000000 0.00000000000000000000 0.00000000000000000000 0.00000000000000000000 0.00000000000000000000
0.00000000000000000000 0.00000000000000000000 0.00000000000000000000 0.00000000000000000000 0.00000000000000000000 0.00000000000000000000
0.00000000000000000000 0.00000000000000000000 0.00000000000000000000 0.00000000000000000000 0.00000000000000000000 0.00000000000000000000
0.00000000000000000000 0.00000000000000000000 0.00000000000000000000 0.00000000000000000000 0.00000000000000000000 0.00000000000000000000
0.00000000000000000000 0.00000000000000000000 0.00000000000000000000 0.00000000000000000000 0.00000000000000000000 0.00000000000000000000
0.00000000000000000000 0.00000000000000000000 0.00000000000000000000 0.00000000000000000000 0.00000000000000000000 0.00000000000000000000
0.00000000000000000000 0.00000000000000000000 0.00000000000000000000 0.00000000000000000000 0.00000000000000000000 0.00000000000000000000
0.00000000000000000000 0.00000000000000000000 0.00000000000000000000 0.00000000000000000000 0.00000000000000000000 0.00000000000000000000
0.00000000000000000000 0.00000000000000000000 0.00000000000000000000 0.00000000000000000000 0.00000000000000000000 0.00000000000000000000
0.00000000000000000000 0.00000000000000000000 0.00000000000000000000 0.00000000000000000000 0.00000000000000000000 0.00000000000000000000
0.00000000000000000000 0.00000000000000000000 0.00000000000000000000 0.00000000000000000000 0.00000000000000000000 0.00000000000000000000
0.00000000000000000000 0.00000000000000000000 0.00000000000000000000 0.00000000000000000000 0.00000000000000000000 0.00000000000000000000
0.00000000000000000000 0.00000000000000000000 0.00000000000000000000 0.87914054998299995258 -0.38761343191600000635 0.27725028543500002121
-0.00300543079134570068 -0.00549254981560553385 0.00187301128707831332 0.87914054998299995258 -0.38761343191600000635 0.27725028543500002121
-0.00375370491801518130 -0.00001189256522377002 0.00534901055853895246 0.87914054998299995258 -0.38761343191600000635 0.27725028543500002121
-0.00074827412666948062 0.00548065725038176556 0.00347599927146063914 0.87914054998299995258 -0.38761343191600000635 0.27725028543500002121
-0.00450209358228249867 0.00546960360406972823 0.00882554189785071663 0.87914054998299995258 -0.38761343191600000635 0.27725028543500002121
-0.00525036770895197930 0.01095026085445149205 0.01230154116931135577 0.87914054998299995258 -0.38761343191600000635 0.27725028543500002121
0.00000000000000000000 0.00000000000000000000 0.00000000000000000000 0.00000000000000000000 0.00000000000000000000 0.00000000000000000000
-0.00149654825333895430 0.01096131450076353112 0.00695199854292127828 0.87914054998299995258 -0.38761343191600000635 0.27725028543500002121
0.00225715666467622006 0.01097320706598730287 0.00160298798438233969 0.87914054998299995258 -0.38761343191600000635 0.27725028543500002121
0.00600918479955240420 0.01098280216014512096 -0.00374464053761371096 0.87914054998299995258 -0.38761343191600000635 0.27725028543500002121
0.00000000000000000000 0.00000000000000000000 0.00000000000000000000 0.00000000000000000000 0.00000000000000000000 0.00000000000000000000
0.00300554532894354437 0.00549171089669380462 -0.00187354335492942448 0.87914054998299995258 -0.38761343191600000635 0.27725028543500002121
0.00000000000000000000 0.00000000000000000000 0.00000000000000000000 0.96981730905899998785 -0.24014711558400000935 0.04223446373109999985
-0.00311417749154863088 -0.00000953000291450609 0.00574549360196112413 0.96981730905899998785 -0.24014711558400000935 0.04223446373109999985
0.00055693705203734012 0.00511460238958213673 0.00402902215389154550 0.96981730905899998785 -0.24014711558400000935 0.04223446373109999985
0.00367111454358598488 0.00512413239249663935 -0.00171647144806960639 0.96981730905899998785 -0.24014711558400000935 0.04223446373109999985
0.00422861352958070480 0.01023951912807486916 0.00231228796719523677 0.96981730905899998785 -0.24014711558400000935 0.04223446373109999985
0.00789972807316667580 0.01536365152057151198 0.00059581651912563038 0.96981730905899998785 -0.24014711558400000935 0.04223446373109999985
0.00000000000000000000 0.00000000000000000000 0.00000000000000000000 0.00000000000000000000 0.00000000000000000000 0.00000000000000000000
0.00734222908717195588 0.01024826478499327523 -0.00343294289613922665 0.96981730905899998785 -0.24014711558400000935 0.04223446373109999985
0.00678529203513460188 0.00513366239541113850 -0.00746196505003074440 0.96981730905899998785 -0.24014711558400000935 0.04223446373109999985
0.00622711548416490790 0.00001962880207654824 -0.01148813411555604097 0.96981730905899998785 -0.24014711558400000935 0.04223446373109999985
0.00000000000000000000 0.00000000000000000000 0.00000000000000000000 0.00000000000000000000 0.00000000000000000000 0.00000000000000000000
0.00311361555759123720 0.00000874565691840606 -0.00574523086333444954 0.96981730905899998785 -0.24014711558400000935 0.04223446373109999985
0.00000000000000000000 0.00000000000000000000 0.00000000000000000000 0.00000000000000000000 0.00000000000000000000 0.00000000000000000000
0.00000000000000000000 0.00000000000000000000 0.00000000000000000000 0.00000000000000000000 0.00000000000000000000 0.00000000000000000000
0.00000000000000000000 0.00000000000000000000 0.00000000000000000000 0.00000000000000000000 0.00000000000000000000 0.00000000000000000000
0.00000000000000000000 0.00000000000000000000 0.00000000000000000000 0.00000000000000000000 0.00000000000000000000 0.00000000000000000000
0.00000000000000000000 0.00000000000000000000 0.00000000000000000000 0.00000000000000000000 0.00000000000000000000 0.00000000000000000000
0.00000000000000000000 0.00000000000000000000 0.00000000000000000000 0.00000000000000000000 0.00000000000000000000 0.00000000000000000000
0.00000000000000000000 0.00000000000000000000 0.00000000000000000000 0.00000000000000000000 0.00000000000000000000 0.00000000000000000000
0.00000000000000000000 0.00000000000000000000 0.00000000000000000000 0.00000000000000000000 0.00000000000000000000 0.00000000000000000000
0.00000000000000000000 0.00000000000000000000 0.00000000000000000000 0.00000000000000000000 0.00000000000000000000 0.00000000000000000000
0.00000000000000000000 0.00000000000000000000 0.00000000000000000000 0.00000000000000000000 0.00000000000000000000 0.00000000000000000000
0.00000000000000000000 0.00000000000000000000 0.00000000000000000000 0.00000000000000000000 0.00000000000000000000 0.00000000000000000000
0.00000000000000000000 0.00000000000000000000 0.00000000000000000000 0.00000000000000000000 0.00000000000000000000 0.00000000000000000000
0.00000000000000000000 0.00000000000000000000 0.00000000000000000000 0.86004073289100002597 -0.23826324653500000061 -0.45117686456599997991
0.00048394307138648757 -0.00549484192118756057 0.00350448289549497305 0.86004073289100002597 -0.23826324653500000061 -0.45117686456599997991
0.00333384747576234014 -0.00001018386445412675 0.00562029476960576591 0.86004073289100002597 -0.23826324653500000061 -0.45117686456599997991
0.00284990440437585257 0.00548465805673342514 0.00211581187411077898 0.86004073289100002597 -0.23826324653500000061 -0.45117686456599997991
0.00618418811225274201 0.00547531372359060138 0.00773643050899652795 0.86004073289100002597 -0.23826324653500000061 -0.45117686456599997991
0.00903409251662858764 0.01095997178032402999 0.00985224238310730693 0.86004073289100002597 -0.23826324653500000061 -0.45117686456599997991
0.00000000000000000000 0.00000000000000000000 0.00000000000000000000 0.00000000000000000000 0.00000000000000000000 0.00000000000000000000
0.00569980880875169821 0.01096931611346685896 0.00423162374822157183 0.86004073289100002597 -0.23826324653500000061 -0.45117686456599997991
0.00236596133298935113 0.01097949997792098398 -0.00138867102138418019 0.86004073289100002597 -0.23826324653500000061 -0.45117686456599997991
-0.00096731047733119441 0.01098738560445930608 -0.00700687134314349758 0.86004073289100002597 -0.23826324653500000061 -0.45117686456599997991
0.00000000000000000000 0.00000000000000000000 0.00000000000000000000 0.00000000000000000000 0.00000000000000000000 0.00000000000000000000
-0.00048437930350104380 0.00549400238987625411 -0.00350480676077495612 0.86004073289100002597 -0.23826324653500000061 -0.45117686456599997991
