name    leftHand
spatial_sampling    taxel
taxel2Repr ( 3 3 3 3 3 3 -2 3 3 3 -2 3 15 15 15 15 15 15 -2 15 15 15 -2 15 27 27 27 27 27 27 -2 27 27 27 -2 27 39 39 39 39 39 39 -2 39 39 39 -2 39 51 51 51 51 51 51 -2 51 51 51 -2 51 63 63 63 63 63 63 -2 63 63 63 -2 63 75 75 75 75 75 75 -2 75 75 75 -2 75 87 87 87 87 87 87 -2 87 87 87 -2 87 99 99 99 99 99 99 -2 99 99 99 -2 99 111 111 111 111 111 111 -2 111 111 111 -2 111 123 123 123 123 123 123 -2 123 123 123 -2 123 135 135 135 135 135 135 -2 135 135 135 -2 135 147 147 147 147 147 147 -2 147 147 147 -2 147 159 159 159 159 159 159 -2 159 159 159 -2 159 171 171 171 171 171 171 -2 171 171 171 -2 171 183 183 183 183 183 183 -2 183 183 183 -2 183 -1 -1 -1 -1 -1 -1 -1 -1 -1 -1 -1 -1 -1 -1 -1 -1 -1 -1 -1 -1 -1 -1 -1 -1 -1 -1 -1 -1 -1 -1 -1 -1 -1 -1 -1 -1 231 231 231 231 231 231 -2 231 231 231 -2 231 243 243 243 243 243 243 -2 243 243 243 -2 243 255 255 255 255 255 255 -2 255 255 255 -2 255 267 267 267 267 267 267 -2 267 267 267 -2 267 279 279 279 279 279 279 -2 279 279 279 -2 279 -1 -1 -1 -1 -1 -1 -1 -1 -1 -1 -1 -1 303 303 303 303 303 303 -2 303 303 303 -2 303 315 315 315 315 315 315 -2 315 315 315 -2 315 -1 -1 -1 -1 -1 -1 -1 -1 -1 -1 -1 -1 -1 -1 -1 -1 -1 -1 -1 -1 -1 -1 -1 -1 -1 -1 -1 -1 -1 -1 -1 -1 -1 -1 -1 -1 -1 -1 -1 -1 -1 -1 -1 -1 -1 -1 -1 -1 375 375 375 375 375 375 -2 375 375 375 -2 375 )
[calibration]
0.07354095750296376 -0.03169987961014533 0.023367486216598517 -0.0697564737511 -0.392787359367 0.916979893286
0.0735401525088 -0.035988589968434674 0.01843981934325105 -0.0697564737511 -0.392787359367 0.916979893286
0.06788234751463623 -0.033844692471080844 0.020903126910091933 -0.0697564737511 -0.392787359367 0.916979893286
0.0678816525088 -0.029554276454 0.025832753561 -0.0697564737511 -0.392787359367 0.916979893286
0.06222390854587626 -0.031698761060748044 0.023368771413860803 -0.0697564737511 -0.392787359367 0.916979893286
0.0565646035517125 -0.029553157904602716 0.025834038758262283 -0.0697564737511 -0.392787359367 0.916979893286
0.0 0.0 0.0 0.0 0.0 0.0
0.06222234751463624 -0.027408673297854673 0.028298020905401483 -0.0697564737511 -0.392787359367 0.916979893286
0.06788095750296377 -0.02526386043691916 0.030762380211908063 -0.0697564737511 -0.392787359367 0.916979893286
0.0735387014658875 -0.02311937583017112 0.033226362359047266 -0.0697564737511 -0.392787359367 0.916979893286
0.0 0.0 0.0 0.0 0.0 0.0
0.07353939647172374 -0.02740979184725196 0.028296735708139197 -0.0697564737511 -0.392787359367 0.916979893286
0.09282775615810501 -0.027555430102305815 0.030007486613262108 -0.0697564737498 2.41920343278e-12 0.997564050259
0.09848474815786606 -0.02977142208285777 0.027606911878585216 -0.0697564737498 2.41920343278e-12 0.997564050259
0.09282774015766103 -0.03198739527083496 0.025206357501825042 -0.0697564737498 2.41920343278e-12 0.997564050259
0.08716774815789999 -0.0297714032853 0.0276069322419 -0.0697564737498 2.41920343278e-12 0.997564050259
0.08716773215990478 -0.0342026901610271 0.02280653792218492 -0.0697564737498 2.41920343278e-12 0.997564050259
0.08150772415969976 -0.03641866334402128 0.020405983550822814 -0.0697564737498 2.41920343278e-12 0.997564050259
0.0 0.0 0.0 0.0 0.0 0.0
0.08150774015769496 -0.031987376468294186 0.025206377870537897 -0.0697564737498 2.41920343278e-12 0.997564050259
0.08150775615813896 -0.02755541129976504 0.03000750698197496 -0.0697564737498 2.41920343278e-12 0.997564050259
0.08150777215613417 -0.02312412442403794 0.034807901301690036 -0.0697564737498 2.41920343278e-12 0.997564050259
0.0 0.0 0.0 0.0 0.0 0.0
0.0871677641558952 -0.025340116409572896 0.03240732656161509 -0.0697564737498 2.41920343278e-12 0.997564050259
0.10169567674565624 -0.019227772672974007 0.03658789512067885 -0.0697564737424 0.392787359373 0.916979893284
0.10169483975743315 -0.025218040755396524 0.033981820371144465 -0.0697564737424 0.392787359373 0.916979893284
0.09603705075695258 -0.022223520571506023 0.0352845906864009 -0.0697564737424 0.392787359373 0.916979893284
0.09603638775790001 -0.016230870098699998 0.0378917018983 -0.0697564737424 0.392787359373 0.916979893284
0.09037862779704892 -0.019226159511174692 0.03658859692904106 -0.0697564737424 0.392787359373 0.916979893284
0.08471933880929268 -0.016229256936900686 0.037892403706662206 -0.0697564737424 0.392787359373 0.916979893284
0.0 0.0 0.0 0.0 0.0 0.0
0.09037709877014376 -0.013233967524425991 0.03919550867592115 -0.0697564737424 0.392787359373 0.916979893284
0.09603572475884742 -0.010238219625893975 0.0404988131101991 -0.0697564737424 0.392787359373 0.916979893284
0.10169348471969851 -0.007242930213419286 0.04180191807945804 -0.0697564737424 0.392787359373 0.916979893284
0.0 0.0 0.0 0.0 0.0 0.0
0.10169414771875109 -0.013235580686225304 0.03919480686755894 -0.0697564737424 0.392787359373 0.916979893284
0.09187094511210502 0.003259027925715251 0.04030666729917843 -0.0697564737376 0.731473108926 0.678292802033
0.09752793711186607 -2.7645574726354302e-08 0.04053456266526417 -0.0697564737376 0.731473108926 0.678292802033
0.09187092911166103 -0.003259055578657512 0.040762456098698205 -0.0697564737376 0.731473108926 0.678292802033
0.08621093711189999 -3.90372179027e-14 0.040534560732099996 -0.0697564737376 0.731473108926 0.678292802033
0.08621092111390478 -0.0065170859403615436 0.040990279775146014 -0.0697564737376 0.731473108926 0.678292802033
0.08055091311369976 -0.009776113866115831 0.041218173208067574 -0.0697564737376 0.731473108926 0.678292802033
0.0 0.0 0.0 0.0 0.0 0.0
0.08055092911169497 -0.003259027925793325 0.04076245416502157 -0.0697564737376 0.731473108926 0.678292802033
0.08055094511213896 0.0032590555785794377 0.040306665365501794 -0.0697564737376 0.731473108926 0.678292802033
0.08055096111013417 0.009776141518901946 0.03985094632245578 -0.0697564737376 0.731473108926 0.678292802033
0.0 0.0 0.0 0.0 0.0 0.0
0.0862109531098952 0.00651708594028347 0.04007884168905398 -0.0697564737376 0.731473108926 0.678292802033
0.09603711477041987 0.022223520565150413 0.035284590689086674 -0.0697564737414 0.751086405149 0.656508374944
0.10169493575813111 0.025217989930670003 0.033981842482417784 -0.0697564737414 0.751086405149 0.656508374944
0.10169570875823554 0.019227721841030096 0.036587917235127825 -0.0697564737414 0.751086405149 0.656508374944
0.0960363877578 0.0162308700986 0.0378917018983 -0.0697564737414 0.751086405149 0.656508374944
0.10169411572266068 0.013235529868315636 0.039194828975938026 -0.0697564737414 0.751086405149 0.656508374944
0.10169338871004081 0.007242879401765226 0.041801940185151355 -0.0697564737414 0.751086405149 0.656508374944
0.0 0.0 0.0 0.0 0.0 0.0
0.09603566074518012 0.010238219632049584 0.040498813107513326 -0.0697564737414 0.751086405149 0.656508374944
0.09037706675736445 0.013234018356169905 0.039195486561472176 -0.0697564737414 0.751086405149 0.656508374944
0.08471933879250378 0.01622935858645427 0.03789235948383414 -0.0697564737414 0.751086405149 0.656508374944
0.0 0.0 0.0 0.0 0.0 0.0
0.09037865979293931 0.019226210328884365 0.036588574820661975 -0.0697564737414 0.751086405149 0.656508374944
0.09282772415708124 0.03198741407319323 0.02520633713314258 -0.0697564737495 2.54461066956e-12 0.997564050259
0.09848474815759461 0.029771459677873403 0.027606871151955557 -0.0697564737495 2.54461066956e-12 0.997564050259
0.0928277721584133 0.027555448904829194 0.03000746624451877 -0.0697564737495 2.54461066956e-12 0.997564050259
0.08716774815789999 0.0297714032852 0.0276069322419 -0.0697564737495 2.54461066956e-12 0.997564050259
0.08716779615188566 0.02534011640963799 0.03240732656155421 -0.0697564737495 2.54461066956e-12 0.997564050259
0.08150782015270443 0.023124105621644766 0.03480792167031164 -0.0697564737495 2.54461066956e-12 0.997564050259
0.0 0.0 0.0 0.0 0.0 0.0
0.08150777215871875 0.027555392497206777 0.030007527350657422 -0.0697564737495 2.54461066956e-12 0.997564050259
0.08150772415738669 0.03198735766557081 0.025206398239281235 -0.0697564737495 2.54461066956e-12 0.997564050259
0.08150767616340103 0.03641864454113282 0.02040600391962702 -0.0697564737495 2.54461066956e-12 0.997564050259
0.0 0.0 0.0 0.0 0.0 0.0
0.08716770016391431 0.034202690160762016 0.02280653792224579 -0.0697564737495 2.54461066956e-12 0.997564050259
0.06788231550785258 0.03384469247317712 0.02090312690769484 -0.0697564737419 0.418602958592 0.905486387213
0.07354010450833316 0.03598860816212211 0.018439798438989036 -0.0697564737419 0.418602958592 0.905486387213
0.07354094149655624 0.03169989780645944 0.023367465309292106 -0.0697564737419 0.418602958592 0.905486387213
0.0678816525088 0.0295542764539 0.0258327535611 -0.0697564737419 0.418602958592 0.905486387213
0.07353941246965108 0.02740981003858525 0.02829671480652929 -0.0697564737419 0.418602958592 0.905486387213
0.0735387494705985 0.02311939401930813 0.033226341459934444 -0.0697564737419 0.418602958592 0.905486387213
0.0 0.0 0.0 0.0 0.0 0.0
0.06788098950974743 0.025263860434622882 0.030762380214505156 -0.0697564737419 0.418602958592 0.905486387213
0.062222363521043766 0.027408655101340558 0.02829804181290789 -0.0697564737419 0.418602958592 0.905486387213
0.05656460356019268 0.02955312151665531 0.0258340805674786 -0.0697564737419 0.418602958592 0.905486387213
0.0 0.0 0.0 0.0 0.0 0.0
0.06222389254794892 0.03169874286921475 0.02336879231567071 -0.0697564737419 0.418602958592 0.905486387213
0.051812470163279445 0.019125303370625815 0.03358204997135175 -0.069756473745 0.432795716784 0.898789130945
0.05181322716635412 0.025040488918539352 0.03080977340493541 -0.069756473745 0.432795716784 0.898789130945
0.057471056150788236 0.022083565038977706 0.0321955981966661 -0.069756473745 0.432795716784 0.898789130945
0.057471799166799994 0.0161660269784 0.0349689773178 -0.069756473745 0.432795716784 0.898789130945
0.06312951913257822 0.019123835897797446 0.03358273773346859 -0.069756473745 0.432795716784 0.898789130945
0.06878884813609878 0.01616455950557163 0.034969665079916834 -0.069756473745 0.432795716784 0.898789130945
0.0 0.0 0.0 0.0 0.0 0.0
0.06313112817032054 0.013206750586174185 0.03635590466424824 -0.069756473745 0.432795716784 0.898789130945
0.05747254218281176 0.010248488917822296 0.037742356438933894 -0.069756473745 0.432795716784 0.898789130945
0.05181482221703353 0.007290679998424849 0.0391285960232653 -0.069756473745 0.432795716784 0.898789130945
0.0 0.0 0.0 0.0 0.0 0.0
0.05181407920102177 0.013208218059002559 0.0363552169021314 -0.069756473745 0.432795716784 0.898789130945
0.03816477790215258 0.022002152114034952 0.030628984658979827 -0.0697564737495 2.54727890864e-12 0.997564050259
0.04382256690263316 0.024937267936511076 0.029197392281698063 -0.0697564737495 2.54727890864e-12 0.997564050259
0.04382340389085623 0.019065832931939083 0.03206116397066656 -0.0697564737495 2.54727890864e-12 0.997564050259
0.0381641149031 0.0161283819802 0.033493895299 -0.0697564737495 2.54727890864e-12 0.997564050259
0.04382187486395108 0.013192512188857442 0.03492585542193379 -0.0697564737495 2.54727890864e-12 0.997564050259
0.0438212118648985 0.007318742055022486 0.03779076606195396 -0.0697564737495 2.54727890864e-12 0.997564050259
0.0 0.0 0.0 0.0 0.0 0.0
0.03816345190404742 0.010254611846365048 0.036358805939020175 -0.0697564737495 2.54727890864e-12 0.997564050259
0.03250482591534377 0.013190931028460912 0.03492662662733345 -0.0697564737495 2.54727890864e-12 0.997564050259
0.026847065954492683 0.016126800819803475 0.03349466650439966 -0.0697564737495 2.54727890864e-12 0.997564050259
0.0 0.0 0.0 0.0 0.0 0.0
0.03250635494224892 0.019064251771542563 0.03206193517606622 -0.0697564737495 2.54727890864e-12 0.997564050259
0.022575393438383384 0.003260228780466132 0.03625249034753366 -0.0697564737471 -0.432795716776 0.898789130948
0.02257618243551748 0.009776921392436227 0.03579679880868538 -0.0697564737471 -0.432795716776 0.898789130948
0.02823399542647194 0.00651928435568904 0.0360245949811729 -0.0697564737471 -0.432795716776 0.898789130948
0.028234706435700002 -4.50768311566e-14 0.036480467752400006 -0.0697564737471 -0.432795716776 0.898789130948
0.033892442399609174 0.0032585567910371482 0.03625260726442406 -0.0697564737471 -0.432795716776 0.898789130948
0.03955175539692579 -1.671989474060788e-06 0.0364805846692904 -0.0697564737471 -0.432795716776 0.898789130948
0.0 0.0 0.0 0.0 0.0 0.0
0.03389401943301661 -0.0032602287805562854 0.036708445157266345 -0.0697564737471 -0.432795716776 0.898789130948
0.028235417444928065 -0.006519284355779194 0.036936340523627105 -0.0697564737471 -0.432795716776 0.898789130948
0.02257768148101889 -0.009777841146861418 0.03716420101160305 -0.0697564737471 -0.432795716776 0.898789130948
0.0 0.0 0.0 0.0 0.0 0.0
0.022576970471790827 -0.003258556791127302 0.03670832824037595 -0.0697564737471 -0.432795716776 0.898789130948
0.032504114903 -0.019064726071107114 0.032061703838202206 -0.0697564737495 -0.418602958594 0.905486387212
0.026847114903 -0.016128381980299998 0.033493895299 -0.0697564737495 -0.418602958594 0.905486387212
0.032504114903 -0.013192037889492884 0.034926086759797796 -0.0697564737495 -0.418602958594 0.905486387212
0.038164114903 -0.016128381980299998 0.033493895299 -0.0697564737495 -0.418602958594 0.905486387212
0.038164114903 -0.010256592587816712 0.03635783983937099 -0.0697564737495 -0.418602958594 0.905486387212
0.04382411490299999 -0.007320248497009597 0.03779003130016879 -0.0697564737495 -0.418602958594 0.905486387212
0.0 0.0 0.0 0.0 0.0 0.0
0.04382411490299999 -0.013192037889492884 0.034926086759797796 -0.0697564737495 -0.418602958594 0.905486387212
0.04382411490299999 -0.019064726071107114 0.032061703838202206 -0.0697564737495 -0.418602958594 0.905486387212
0.043824114903 -0.0249365154635904 0.029197759297831215 -0.0697564737495 -0.418602958594 0.905486387212
0.0 0.0 0.0 0.0 0.0 0.0
0.038164114903 -0.022000171372783286 0.030629950758629013 -0.0697564737495 -0.418602958594 0.905486387212
0.02929963958045559 -0.032955854332957175 0.017087813874123597 -0.0697564737399 -0.751086405151 0.656508374942
0.023641842583116454 -0.03494108855031171 0.014494916606751633 -0.0697564737399 -0.751086405151 0.656508374942
0.023641021591923037 -0.030969789345300966 0.019681796203412275 -0.0697564737399 -0.751086405151 0.656508374942
0.0293003185829 -0.0289829757042 0.022276756342500002 -0.0697564737399 -0.751086405151 0.656508374942
0.023642566620995627 -0.026997214675066543 0.024870341674187012 -0.0697564737399 -0.751086405151 0.656508374942
0.023643245623440036 -0.023024336046309372 0.030059284142563418 -0.0697564737399 -0.751086405151 0.656508374942
0.0 0.0 0.0 0.0 0.0 0.0
0.02930099758534441 -0.025010097075442828 0.027465698810876404 -0.0697564737399 -0.751086405151 0.656508374942
0.034959615573876966 -0.026996162063099037 0.024871716481587727 -0.0697564737399 -0.751086405151 0.656508374942
0.04061736753578134 -0.028981923092232492 0.02227813114990071 -0.0697564737399 -0.751086405151 0.656508374942
0.0 0.0 0.0 0.0 0.0 0.0
0.034958070544804376 -0.030968736733333457 0.01968317101081299 -0.0697564737399 -0.751086405151 0.656508374942
0.06313180716710504 -0.013207815501705007 0.03635540556916155 -0.0697564737447 -0.731473108917 0.678292802042
0.06878879916686607 -0.01616605207228343 0.03496896555706871 -0.0697564737447 -0.731473108917 0.678292802042
0.06313179116666102 -0.019124263555730478 0.03358253730258951 -0.0697564737447 -0.731473108917 0.678292802042
0.0574717991669 -0.0161660269785 0.0349689773178 -0.0697564737447 -0.731473108917 0.678292802042
0.0574717831689048 -0.022081569546138262 0.03219653342653658 -0.0697564737447 -0.731473108917 0.678292802042
0.05181177516869977 -0.025039781022933253 0.030810105175175025 -0.0697564737447 -0.731473108917 0.678292802042
0.0 0.0 0.0 0.0 0.0 0.0
0.051811791166694966 -0.01912423845529499 0.03358254906643844 -0.0697564737447 -0.731473108917 0.678292802042
0.051811807167138964 -0.013207790401269522 0.036355417333010474 -0.0697564737447 -0.731473108917 0.678292802042
0.05181182316513416 -0.0072922478336312595 0.039127861224273884 -0.0697564737447 -0.731473108917 0.678292802042
0.0 0.0 0.0 0.0 0.0 0.0
0.0574718151648952 -0.01025048441086174 0.03774142120906341 -0.0697564737447 -0.731473108917 0.678292802042
0.07254871994626376 -0.0032602426053022545 0.03941144665718662 -0.0697564737473 -0.790928419754 0.60791962396
0.0725479149521 -0.009776935215325423 0.03986713819589875 -0.0697564737473 -0.790928419754 0.60791962396
0.06689010995793623 -0.006519284357498407 0.03963934105694719 -0.0697564737473 -0.790928419754 0.60791962396
0.0668894149521 -4.6959769406400003e-14 0.0391834682856 -0.0697564737473 -0.790928419754 0.60791962396
0.06123167098917626 -0.003258542970217983 0.03941132780712369 -0.0697564737473 -0.790928419754 0.60791962396
0.055572365995012495 1.6996350373115888e-06 0.03918334943553707 -0.0697564737473 -0.790928419754 0.60791962396
0.0 0.0 0.0 0.0 0.0 0.0
0.061230109957936235 0.003260242605208335 0.038955489914013375 -0.0697564737473 -0.790928419754 0.60791962396
0.06688871994626376 0.006519284357404487 0.03872759551425281 -0.0697564737473 -0.790928419754 0.60791962396
0.0725464639091875 0.00977782732757551 0.03849973599272912 -0.0697564737473 -0.790928419754 0.60791962396
0.0 0.0 0.0 0.0 0.0 0.0
0.07254715891502372 0.0032585429701240637 0.03895560876407631 -0.0697564737473 -0.790928419754 0.60791962396
0.0346008705942 -0.03711817718063917 0.005066344904442409 -0.0697564737531 -0.972868805277 0.220590847701
0.028943870594199998 -0.036397506881200005 0.00825286703986 -0.0697564737531 -0.972868805277 0.220590847701
0.0346008705942 -0.03567683658176084 0.011439389175277584 -0.0697564737531 -0.972868805277 0.220590847701
0.0402608705942 -0.036397506881200005 0.00825286703986 -0.0697564737531 -0.972868805277 0.220590847701
0.0402608705942 -0.03495638687316937 0.014624935944262542 -0.0697564737531 -0.972868805277 0.220590847701
0.0459208705942 -0.0342357165737302 0.017811458079680126 -0.0697564737531 -0.972868805277 0.220590847701
0.0 0.0 0.0 0.0 0.0 0.0
0.0459208705942 -0.03567683658176083 0.01143938917527759 -0.0697564737531 -0.972868805277 0.220590847701
0.0459208705942 -0.037118177180639166 0.005066344904442417 -0.0697564737531 -0.972868805277 0.220590847701
0.045920870594200004 -0.0385592971886698 -0.0013057239999601275 -0.0697564737531 -0.972868805277 0.220590847701
0.0 0.0 0.0 0.0 0.0 0.0
0.0402608705942 -0.037838626889230634 0.0018807981354574581 -0.0697564737531 -0.972868805277 0.220590847701
0.059494635774571945 -0.03900452204921968 0.004013462039045876 -0.0697564737521 -0.961426447239 0.266069954935
0.05383682278361748 -0.03987339792675042 0.0008655826149204628 -0.0697564737521 -0.961426447239 0.266069954935
0.053836033786483384 -0.03813526781957388 0.007162712207680169 -0.0697564737521 -0.961426447239 0.266069954935
0.0594953467838 -0.037265700672999995 0.0103130960535 -0.0697564737521 -0.961426447239 0.266069954935
0.05383761081989083 -0.036396579478895935 0.013461864243228774 -0.0697564737521 -0.961426447239 0.266069954935
0.05383832182911888 -0.03465775810267626 0.0197614982576829 -0.0697564737521 -0.961426447239 0.266069954935
0.0 0.0 0.0 0.0 0.0 0.0
0.05949605779302806 -0.03552687929678032 0.016612730067954124 -0.0697564737521 -0.961426447239 0.266069954935
0.06515465978111662 -0.036396133526426115 0.013463479899319833 -0.0697564737521 -0.961426447239 0.266069954935
0.07081239574502579 -0.037265254720530175 0.010314711709591058 -0.0697564737521 -0.961426447239 0.266069954935
0.0 0.0 0.0 0.0 0.0 0.0
0.06515308274770917 -0.03813482186710406 0.007164327863771227 -0.0697564737521 -0.961426447239 0.266069954935
0.0 0.0 0.0 0.0 0.0 0.0
0.0 0.0 0.0 0.0 0.0 0.0
0.0 0.0 0.0 0.0 0.0 0.0
0.0 0.0 0.0 0.0 0.0 0.0
0.0 0.0 0.0 0.0 0.0 0.0
0.0 0.0 0.0 0.0 0.0 0.0
0.0 0.0 0.0 0.0 0.0 0.0
0.0 0.0 0.0 0.0 0.0 0.0
0.0 0.0 0.0 0.0 0.0 0.0
0.0 0.0 0.0 0.0 0.0 0.0
0.0 0.0 0.0 0.0 0.0 0.0
0.0 0.0 0.0 0.0 0.0 0.0
0.0 0.0 0.0 0.0 0.0 0.0
0.0 0.0 0.0 0.0 0.0 0.0
0.0 0.0 0.0 0.0 0.0 0.0
0.0 0.0 0.0 0.0 0.0 0.0
0.0 0.0 0.0 0.0 0.0 0.0
0.0 0.0 0.0 0.0 0.0 0.0
0.0 0.0 0.0 0.0 0.0 0.0
0.0 0.0 0.0 0.0 0.0 0.0
0.0 0.0 0.0 0.0 0.0 0.0
0.0 0.0 0.0 0.0 0.0 0.0
0.0 0.0 0.0 0.0 0.0 0.0
0.0 0.0 0.0 0.0 0.0 0.0
0.0 0.0 0.0 0.0 0.0 0.0
0.0 0.0 0.0 0.0 0.0 0.0
0.0 0.0 0.0 0.0 0.0 0.0
0.0 0.0 0.0 0.0 0.0 0.0
0.0 0.0 0.0 0.0 0.0 0.0
0.0 0.0 0.0 0.0 0.0 0.0
0.0 0.0 0.0 0.0 0.0 0.0
0.0 0.0 0.0 0.0 0.0 0.0
0.0 0.0 0.0 0.0 0.0 0.0
0.0 0.0 0.0 0.0 0.0 0.0
0.0 0.0 0.0 0.0 0.0 0.0
0.0 0.0 0.0 0.0 0.0 0.0
0.057092871965085036 0.015029826082482092 -0.03559092204625248 -0.069756473753 -0.24926685238 -0.965919287867
0.053825885817943266 0.020494039221498065 -0.03412664260373168 -0.069756473753 -0.24926685238 -0.965919287867
0.050558871965104626 0.015029841537619564 -0.03559091790464242 -0.069756473753 -0.24926685238 -0.965919287867
0.0538258581049 0.00956273064074 -0.0370559738775 -0.069756473753 -0.24926685238 -0.965919287867
0.04729285810491959 0.009562746093512133 -0.0370559697365238 -0.069756473753 -0.24926685238 -0.965919287867
0.044025844244734554 0.004095650651770039 -0.03852102156777132 -0.069756473753 -0.24926685238 -0.965919287867
0.0 0.0 0.0 0.0 0.0 0.0
0.05055884424471496 0.004095635198997908 -0.03852102570874752 -0.069756473753 -0.24926685238 -0.965919287867
0.05709284424469537 0.004095619743860436 -0.03852102985035758 -0.069756473753 -0.24926685238 -0.965919287867
0.0636258442446758 0.004095604291088305 -0.03852103399133378 -0.069756473753 -0.24926685238 -0.965919287867
0.0 0.0 0.0 0.0 0.0 0.0
0.06035885810488041 0.009562715187967868 -0.0370559780184762 -0.069756473753 -0.24926685238 -0.965919287867
0.0603610618937454 -0.009562090237217276 -0.03705614549045919 -0.069756473753 -0.497315826509 -0.864760662307
0.06362669531255422 -0.004097122714971329 -0.03852062708978232 -0.069756473753 -0.497315826509 -0.864760662307
0.05709408960736653 -0.004096314251902942 -0.03852084373869791 -0.069756473753 -0.497315826509 -0.864760662307
0.053825858105 -0.009562730640790001 -0.0370559738775 -0.069756473753 -0.497315826509 -0.864760662307
0.05055938581437968 -0.004097791168482297 -0.03852044796010537 -0.069756473753 -0.497315826509 -0.864760662307
0.04402418202563428 -0.004098431572055021 -0.03852027634714618 -0.069756473753 -0.497315826509 -0.864760662307
0.0 0.0 0.0 0.0 0.0 0.0
0.0472906543162546 -0.009563371044362725 -0.03705580226454081 -0.069756473753 -0.497315826509 -0.864760662307
0.05055762660263347 -0.015029147029677059 -0.0355911040163021 -0.069756473753 -0.497315826509 -0.864760662307
0.05382409889325379 -0.020494086501984768 -0.03412662993369673 -0.069756473753 -0.497315826509 -0.864760662307
0.0 0.0 0.0 0.0 0.0 0.0
0.057092330395620325 -0.015027670113097706 -0.03559149979489463 -0.069756473753 -0.497315826509 -0.864760662307
0.04068199717728504 -0.013612107449534328 -0.03502275292093471 -0.0697564737458 -0.861569427546 -0.502824179897
0.03741501103014327 -0.008720149464601024 -0.03786361310546176 -0.0697564737458 -0.861569427546 -0.502824179897
0.03414799717730463 -0.01361209361297978 -0.03502276095610529 -0.0697564737458 -0.861569427546 -0.502824179897
0.037414983317100005 -0.0185066458799 -0.032180394218899996 -0.0697564737458 -0.861569427546 -0.502824179897
0.03088198331711959 -0.018506632045463076 -0.032180402252840835 -0.0697564737458 -0.861569427546 -0.502824179897
0.027614969456934552 -0.023401170475828743 -0.029338043550806128 -0.0697564737458 -0.861569427546 -0.502824179897
0.0 0.0 0.0 0.0 0.0 0.0
0.034147969456914964 -0.02340118431026567 -0.02933803551686529 -0.0697564737458 -0.861569427546 -0.502824179897
0.040681969456895374 -0.023401198146820217 -0.0293380274816947 -0.0697564737458 -0.861569427546 -0.502824179897
0.04721496945687579 -0.023401211981257143 -0.029338019447753865 -0.0697564737458 -0.861569427546 -0.502824179897
0.0 0.0 0.0 0.0 0.0 0.0
0.043947983317080414 -0.018506659714336925 -0.032180386184959164 -0.0697564737458 -0.861569427546 -0.502824179897
0.03414677953158008 0.02340059021485037 -0.029338380520239467 -0.0697564737469 -0.265583356361 -0.961560978407
0.02761417382237151 0.023399894087564158 -0.0293387847756106 -0.0697564737469 -0.265583356361 -0.961560978407
0.030879779531580078 0.018507246893607252 -0.032180045197932 -0.0697564737469 -0.265583356361 -0.961560978407
0.037414983317 0.0185066458799 -0.032180394218899996 -0.0697564737469 -0.265583356361 -0.961560978407
0.034148483317 0.013614051463358635 -0.035021623992295366 -0.0697564737469 -0.265583356361 -0.961560978407
0.037416687102419924 0.00872010712840827 -0.037863637690955895 -0.0697564737469 -0.265583356361 -0.961560978407
0.0 0.0 0.0 0.0 0.0 0.0
0.04068318710241992 0.013612701544949632 -0.035022407917560526 -0.0697564737469 -0.265583356361 -0.961560978407
0.04395018710241992 0.018506044866192745 -0.03218074323986799 -0.0697564737469 -0.265583356361 -0.961560978407
0.04721668710241993 0.023398639282734106 -0.02933951346647263 -0.0697564737469 -0.265583356361 -0.961560978407
0.0 0.0 0.0 0.0 0.0 0.0
0.040681483317 0.023399240296441363 -0.02933916444550463 -0.0697564737469 -0.265583356361 -0.961560978407
0.0319339378778016 0.03212494583606801 -0.01874939883455032 -0.0697564737384 0.265583356359 -0.961560978408
0.02866834602342252 0.029280060658920345 -0.023639948514234455 -0.0697564737384 0.265583356359 -0.961560978408
0.03520095173458277 0.029279663932083456 -0.023640630514450367 -0.0697564737384 0.265583356359 -0.961560978408
0.0384691416615 0.0321253033487 -0.0187487842462 -0.0697564737384 0.265583356359 -0.961560978408
0.04173565551616046 0.02928045690261321 -0.023639267344575728 -0.0697564737384 0.265583356359 -0.961560978408
0.04827085929985885 0.029280814415245205 -0.0236386527562254 -0.0697564737384 0.265583356359 -0.961560978408
0.0 0.0 0.0 0.0 0.0 0.0
0.04500434544519839 0.03212566086133199 -0.018748169657849676 -0.0697564737384 0.265583356359 -0.961560978408
0.04173733158841722 0.03497094276531655 -0.01385693797794963 -0.0697564737384 0.265583356359 -0.961560978408
0.03847081773375676 0.037815789211403335 -0.008966454879573904 -0.0697564737384 0.265583356359 -0.961560978408
0.0 0.0 0.0 0.0 0.0 0.0
0.03520262780683954 0.03497014979478679 -0.013858301147824274 -0.0697564737384 0.265583356359 -0.961560978408
0.0 0.0 0.0 0.0 0.0 0.0
0.0 0.0 0.0 0.0 0.0 0.0
0.0 0.0 0.0 0.0 0.0 0.0
0.0 0.0 0.0 0.0 0.0 0.0
0.0 0.0 0.0 0.0 0.0 0.0
0.0 0.0 0.0 0.0 0.0 0.0
0.0 0.0 0.0 0.0 0.0 0.0
0.0 0.0 0.0 0.0 0.0 0.0
0.0 0.0 0.0 0.0 0.0 0.0
0.0 0.0 0.0 0.0 0.0 0.0
0.0 0.0 0.0 0.0 0.0 0.0
0.0 0.0 0.0 0.0 0.0 0.0
0.023634211369885035 0.01500822367611167 -0.03307937165285423 -0.0697564737445 0.249266852384 -0.965919287867
0.020367225222743267 0.02044778182365071 -0.03152600541338415 -0.0697564737445 0.249266852384 -0.965919287867
0.017100211369904625 0.015008239061514255 -0.03307936725926852 -0.0697564737445 0.249266852384 -0.965919287867
0.020367197509699998 0.009565796231040001 -0.0346335572732 -0.0697564737445 0.249266852384 -0.965919287867
0.013834197509719587 0.009565811614087918 -0.03463355288028671 -0.0697564737445 0.249266852384 -0.965919287867
0.010567183649534549 0.004123384169016248 -0.03618773850063246 -0.0697564737445 0.249266852384 -0.965919287867
0.0 0.0 0.0 0.0 0.0 0.0
0.017100183649514964 0.004123368785968331 -0.03618774289354576 -0.0697564737445 0.249266852384 -0.965919287867
0.023634183649495374 0.004123353400565745 -0.03618774728713147 -0.0697564737445 0.249266852384 -0.965919287867
0.030167183649475786 0.004123338017517827 -0.03618775168004476 -0.0697564737445 0.249266852384 -0.965919287867
0.0 0.0 0.0 0.0 0.0 0.0
0.02690019750968041 0.009565780847992082 -0.03463356166611329 -0.0697564737445 0.249266852384 -0.965919287867
0.0269024012984454 -0.00956515871706232 -0.03463373932709581 -0.0697564737409 0.49731582651 -0.864760662307
0.030168034717254214 -0.004124849590139849 -0.03618732002261282 -0.0697564737409 0.49731582651 -0.864760662307
0.02363542901206653 -0.004124044774925153 -0.036187549852453704 -0.0697564737409 0.49731582651 -0.864760662307
0.020367197509699998 -0.00956579623108 -0.0346335572732 -0.0697564737409 0.49731582651 -0.864760662307
0.017100725219079682 -0.004125515027532081 -0.03618712999468196 -0.0697564737409 0.49731582651 -0.864760662307
0.010565521430334278 -0.0041261525415497635 -0.03618694794078615 -0.0697564737409 0.49731582651 -0.864760662307
0.0 0.0 0.0 0.0 0.0 0.0
0.013831993720954595 -0.00956643374509768 -0.03463337521930419 -0.0697564737409 0.49731582651 -0.864760662307
0.017098966007333467 -0.015007547687234847 -0.03307956469394629 -0.0697564737409 0.49731582651 -0.864760662307
0.020365438297953783 -0.020447828890782765 -0.03152599197246433 -0.0697564737409 0.49731582651 -0.864760662307
0.0 0.0 0.0 0.0 0.0 0.0
0.023633669800320316 -0.015006077434627918 -0.03307998455171803 -0.0697564737409 0.49731582651 -0.864760662307
0.0 0.0 0.0 0.0 0.0 0.0
0.0 0.0 0.0 0.0 0.0 0.0
0.0 0.0 0.0 0.0 0.0 0.0
0.0 0.0 0.0 0.0 0.0 0.0
0.0 0.0 0.0 0.0 0.0 0.0
0.0 0.0 0.0 0.0 0.0 0.0
0.0 0.0 0.0 0.0 0.0 0.0
0.0 0.0 0.0 0.0 0.0 0.0
0.0 0.0 0.0 0.0 0.0 0.0
0.0 0.0 0.0 0.0 0.0 0.0
0.0 0.0 0.0 0.0 0.0 0.0
0.0 0.0 0.0 0.0 0.0 0.0
0.0 0.0 0.0 0.0 0.0 0.0
0.0 0.0 0.0 0.0 0.0 0.0
0.0 0.0 0.0 0.0 0.0 0.0
0.0 0.0 0.0 0.0 0.0 0.0
0.0 0.0 0.0 0.0 0.0 0.0
0.0 0.0 0.0 0.0 0.0 0.0
0.0 0.0 0.0 0.0 0.0 0.0
0.0 0.0 0.0 0.0 0.0 0.0
0.0 0.0 0.0 0.0 0.0 0.0
0.0 0.0 0.0 0.0 0.0 0.0
0.0 0.0 0.0 0.0 0.0 0.0
0.0 0.0 0.0 0.0 0.0 0.0
0.0 0.0 0.0 0.0 0.0 0.0
0.0 0.0 0.0 0.0 0.0 0.0
0.0 0.0 0.0 0.0 0.0 0.0
0.0 0.0 0.0 0.0 0.0 0.0
0.0 0.0 0.0 0.0 0.0 0.0
0.0 0.0 0.0 0.0 0.0 0.0
0.0 0.0 0.0 0.0 0.0 0.0
0.0 0.0 0.0 0.0 0.0 0.0
0.0 0.0 0.0 0.0 0.0 0.0
0.0 0.0 0.0 0.0 0.0 0.0
0.0 0.0 0.0 0.0 0.0 0.0
0.0 0.0 0.0 0.0 0.0 0.0
0.0 0.0 0.0 0.0 0.0 0.0
0.0 0.0 0.0 0.0 0.0 0.0
0.0 0.0 0.0 0.0 0.0 0.0
0.0 0.0 0.0 0.0 0.0 0.0
0.0 0.0 0.0 0.0 0.0 0.0
0.0 0.0 0.0 0.0 0.0 0.0
0.0 0.0 0.0 0.0 0.0 0.0
0.0 0.0 0.0 0.0 0.0 0.0
0.0 0.0 0.0 0.0 0.0 0.0
0.0 0.0 0.0 0.0 0.0 0.0
0.0 0.0 0.0 0.0 0.0 0.0
0.0 0.0 0.0 0.0 0.0 0.0
0.0450043454501454 -0.032124969976845115 -0.018749357335096608 -0.0697564737414 0.86156942755 -0.50282417989
0.04826997886895422 -0.0292800968626482 -0.023639886277662902 -0.0697564737414 0.86156942755 -0.50282417989
0.041737373163766536 -0.02927967600473135 -0.023640609760834364 -0.0697564737414 0.86156942755 -0.50282417989
0.0384691416614 -0.032125303348800004 -0.0187487842462 -0.0697564737414 0.86156942755 -0.50282417989
0.03520266937077969 -0.029280444836430972 -0.023639288087238378 -0.0697564737414 0.86156942755 -0.50282417989
0.02866746558203428 -0.029280778208385858 -0.02363871499834177 -0.0697564737414 0.86156942755 -0.50282417989
0.0 0.0 0.0 0.0 0.0 0.0
0.0319339378726546 -0.03212563672075489 -0.01874821115730339 -0.0697564737414 0.86156942755 -0.50282417989
0.03520091015903347 -0.034970930692868656 -0.013856958731565634 -0.0697564737414 0.86156942755 -0.50282417989
0.03846738244965379 -0.03781578920523768 -0.008966454890527253 -0.0697564737414 0.86156942755 -0.50282417989
0.0 0.0 0.0 0.0 0.0 0.0
0.041735613952020315 -0.03497016186116903 -0.013858280405161624 -0.0697564737414 0.86156942755 -0.50282417989
