name    leftHand
spatial_sampling    taxel
taxel2Repr ( 3 3 3 3 3 3 -2 3 3 3 -2 3 15 15 15 15 15 15 -2 15 15 15 -2 15 27 27 27 27 27 27 -2 27 27 27 -2 27 39 39 39 39 39 39 -2 39 39 39 -2 39 51 51 51 51 51 51 -2 51 51 51 -2 51 63 63 63 63 63 63 -2 63 63 63 -2 63 75 75 75 75 75 75 -2 75 75 75 -2 75 87 87 87 87 87 87 -2 87 87 87 -2 87 99 99 99 99 99 99 -2 99 99 99 -2 99 111 111 111 111 111 111 -2 111 111 111 -2 111 123 123 123 123 123 123 -2 123 123 123 -2 123 135 135 135 135 135 135 -2 135 135 135 -2 135 147 147 147 147 147 147 -2 147 147 147 -2 147 159 159 159 159 159 159 -2 159 159 159 -2 159 171 171 171 171 171 171 -2 171 171 171 -2 171 183 183 183 183 183 183 -2 183 183 183 -2 183 -1 -1 -1 -1 -1 -1 -1 -1 -1 -1 -1 -1 -1 -1 -1 -1 -1 -1 -1 -1 -1 -1 -1 -1 -1 -1 -1 -1 -1 -1 -1 -1 -1 -1 -1 -1 231 231 231 231 231 231 -2 231 231 231 -2 231 243 243 243 243 243 243 -2 243 243 243 -2 243 255 255 255 255 255 255 -2 255 255 255 -2 255 267 267 267 267 267 267 -2 267 267 267 -2 267 279 279 279 279 279 279 -2 279 279 279 -2 279 -1 -1 -1 -1 -1 -1 -1 -1 -1 -1 -1 -1 303 303 303 303 303 303 -2 303 303 303 -2 303 315 315 315 315 315 315 -2 315 315 315 -2 315 -1 -1 -1 -1 -1 -1 -1 -1 -1 -1 -1 -1 -1 -1 -1 -1 -1 -1 -1 -1 -1 -1 -1 -1 -1 -1 -1 -1 -1 -1 -1 -1 -1 -1 -1 -1 -1 -1 -1 -1 -1 -1 -1 -1 -1 -1 -1 -1 375 375 375 375 375 375 -2 375 375 375 -2 375 )
[calibration]
0.00000000000000000000 0.00000000000000000000 0.00000000000000000000 -0.06975647375110000104 -0.39278735936699998854 0.91697989328600004733
-0.00000080499416375834 -0.00428871035828934377 -0.00492766687334746795 -0.06975647375110000104 -0.39278735936699998854 0.91697989328600004733
-0.00565860998832752593 -0.00214481286093551327 -0.00246435930650658330 -0.06975647375110000104 -0.39278735936699998854 0.91697989328600004733
-0.00565930499416375521 0.00214560315614532870 0.00246526734440148318 -0.06975647375110000104 -0.39278735936699998854 0.91697989328600004733
-0.01131704895708749575 0.00000111854939728595 0.00000128519726228654 -0.06975647375110000104 -0.39278735936699998854 0.91697989328600004733
-0.01697635395125125790 0.00214672170554261466 0.00246655254166376625 -0.06975647375110000104 -0.39278735936699998854 0.91697989328600004733
0.00000000000000000000 0.00000000000000000000 0.00000000000000000000 0.00000000000000000000 0.00000000000000000000 0.00000000000000000000
-0.01131860998832751736 0.00429120631229065741 0.00493053468880296636 -0.06975647375110000104 -0.39278735936699998854 0.91697989328600004733
-0.00565999999999998449 0.00643601917322617068 0.00739489399530954619 -0.06975647375110000104 -0.39278735936699998854 0.91697989328600004733
-0.00000225603707626476 0.00858050377997420649 0.00985887614244874977 -0.06975647375110000104 -0.39278735936699998854 0.91697989328600004733
0.00000000000000000000 0.00000000000000000000 0.00000000000000000000 0.00000000000000000000 0.00000000000000000000 0.00000000000000000000
-0.00000156103124002160 0.00429008776289337146 0.00492924949154067982 -0.06975647375110000104 -0.39278735936699998854 0.91697989328600004733
0.00000000000000000000 0.00000000000000000000 0.00000000000000000000 -0.06975647374979999926 0.00000000000241920343 0.99756405025899996808
0.00565699199976105183 -0.00221599198055195956 -0.00240057473467689131 -0.06975647374979999926 0.00000000000241920343 0.99756405025899996808
-0.00000001600044398364 -0.00443196516852914502 -0.00480112911143706564 -0.06975647374979999926 0.00000000000241920343 0.99756405025899996808
-0.00566000800020502459 -0.00221597318299418533 -0.00240055437136210692 -0.06975647374979999926 0.00000000000241920343 0.99756405025899996808
-0.00566002399820023094 -0.00664726005872129377 -0.00720094869107718721 -0.06975647374979999926 0.00000000000241920343 0.99756405025899996808
-0.01132003199840525554 -0.00886323324171546523 -0.00960150306243929413 -0.06975647374979999926 0.00000000000241920343 0.99756405025899996808
0.00000000000000000000 0.00000000000000000000 0.00000000000000000000 0.00000000000000000000 0.00000000000000000000 0.00000000000000000000
-0.01132001600041004918 -0.00443194636598837066 -0.00480110874272421037 -0.06975647374979999926 0.00000000000241920343 0.99756405025899996808
-0.01131999999996605166 0.00000001880254077435 0.00000002036871285180 -0.06975647374979999926 0.00000000000241920343 0.99756405025899996808
-0.01131998400197084531 0.00443130567826786892 0.00480041468842792862 -0.06975647374979999926 0.00000000000241920343 0.99756405025899996808
0.00000000000000000000 0.00000000000000000000 0.00000000000000000000 0.00000000000000000000 0.00000000000000000000 0.00000000000000000000
-0.00565999200220981824 0.00221531369273291617 0.00239983994835298031 -0.06975647374979999926 0.00000000000241920343 0.99756405025899996808
0.00000000000000000000 0.00000000000000000000 0.00000000000000000000 -0.06975647374240000198 0.39278735937300002234 0.91697989328399998055
-0.00000083698822309075 -0.00599026808242252018 -0.00260607474953438584 -0.06975647374240000198 0.39278735937300002234 0.91697989328399998055
-0.00565862598870366107 -0.00299574789853201962 -0.00130330443427795206 -0.06975647374240000198 0.39278735937300002234 0.91697989328399998055
-0.00565928898775623634 0.00299690257427400603 0.00130380677762114566 -0.06975647374240000198 0.39278735937300002234 0.91697989328399998055
-0.01131704894860732780 0.00000161316179930759 0.00000070180836220929 -0.06975647374240000198 0.39278735937300002234 0.91697989328399998055
-0.01697633793636356414 0.00299851573607332056 0.00130450858598335495 -0.06975647374240000198 0.39278735937300002234 0.91697989328399998055
0.00000000000000000000 0.00000000000000000000 0.00000000000000000000 0.00000000000000000000 0.00000000000000000000 0.00000000000000000000
-0.01131857797551248657 0.00599380514854801205 0.00260761355524229826 -0.06975647374240000198 0.39278735937300002234 0.91697989328399998055
-0.00565995198680882550 0.00898955304708002820 0.00391091798952025033 -0.06975647374240000198 0.39278735937300002234 0.91697989328399998055
-0.00000219202595773405 0.01198484245955471622 0.00521402295877918670 -0.06975647374240000198 0.39278735937300002234 0.91697989328399998055
0.00000000000000000000 0.00000000000000000000 0.00000000000000000000 0.00000000000000000000 0.00000000000000000000 0.00000000000000000000
-0.00000152902690515877 0.00599219198674869752 0.00260691174688008898 -0.06975647374240000198 0.39278735937300002234 0.91697989328399998055
0.00000000000000000000 0.00000000000000000000 0.00000000000000000000 -0.06975647373759999437 0.73147310892600003740 0.67829280203300001961
0.00565699199976105183 -0.00325905557128997742 0.00022789536608574384 -0.06975647373759999437 0.73147310892600003740 0.67829280203300001961
-0.00000001600044398364 -0.00651808350437276321 0.00045578879951977541 -0.06975647373759999437 0.73147310892600003740 0.67829280203300001961
-0.00566000800020502459 -0.00325902792575429034 0.00022789343292156650 -0.06975647373759999437 0.73147310892600003740 0.67829280203300001961
-0.00566002399820023094 -0.00977611386607679655 0.00068361247596758490 -0.06975647373759999437 0.73147310892600003740 0.67829280203300001961
-0.01132003199840525554 -0.01303514179183108343 0.00091150590888914446 -0.06975647373759999437 0.73147310892600003740 0.67829280203300001961
0.00000000000000000000 0.00000000000000000000 0.00000000000000000000 0.00000000000000000000 0.00000000000000000000 0.00000000000000000000
-0.01132001600041004918 -0.00651805585150857722 0.00045578686584313993 -0.06975647373759999437 0.73147310892600003740 0.67829280203300001961
-0.01131999999996605166 0.00000002765286418599 -0.00000000193367663548 -0.06975647373759999437 0.73147310892600003740 0.67829280203300001961
-0.01131998400197084531 0.00651711359318669393 -0.00045572097672264694 -0.06975647373759999437 0.73147310892600003740 0.67829280203300001961
0.00000000000000000000 0.00000000000000000000 0.00000000000000000000 0.00000000000000000000 0.00000000000000000000 0.00000000000000000000
-0.00565999200220981824 0.00325805801456821760 -0.00022782561012445190 -0.06975647373759999437 0.73147310892600003740 0.67829280203300001961
0.00000000000000000000 0.00000000000000000000 0.00000000000000000000 -0.06975647374139999635 0.75108640514900004703 0.65650837494400005045
0.00565782098771124009 0.00299446936551958989 -0.00130274820666888974 -0.06975647374139999635 0.75108640514900004703 0.65650837494400005045
0.00565859398781566603 -0.00299579872412031670 0.00130332654604115028 -0.06975647374139999635 0.75108640514900004703 0.65650837494400005045
-0.00000072701261986940 -0.00599265046655041156 0.00260711120921332251 -0.06975647374139999635 0.75108640514900004703 0.65650837494400005045
0.00565700095224080934 -0.00898799069683477690 0.00391023828685135161 -0.06975647374139999635 0.75108640514900004703 0.65650837494400005045
0.00565627393962093994 -0.01498064116338518673 0.00651734949606468106 -0.06975647374139999635 0.75108640514900004703 0.65650837494400005045
0.00000000000000000000 0.00000000000000000000 0.00000000000000000000 0.00000000000000000000 0.00000000000000000000 0.00000000000000000000
-0.00000145402523975269 -0.01198530093310082832 0.00521422241842665196 -0.06975647374139999635 0.75108640514900004703 0.65650837494400005045
-0.00566004801305541871 -0.00898950220898050815 0.00391089587238550168 -0.06975647374139999635 0.75108640514900004703 0.65650837494400005045
-0.01131777597791609746 -0.00599416197869614281 0.00260776879474746565 -0.06975647374139999635 0.75108640514900004703 0.65650837494400005045
0.00000000000000000000 0.00000000000000000000 0.00000000000000000000 0.00000000000000000000 0.00000000000000000000 0.00000000000000000000
-0.00565845497748056203 -0.00299731023626604795 0.00130398413157530035 -0.06975647374139999635 0.75108640514900004703 0.65650837494400005045
0.00000000000000000000 0.00000000000000000000 0.00000000000000000000 -0.06975647374950000312 0.00000000000254461067 0.99756405025899996808
0.00565702400051337762 -0.00221595439531982463 0.00240053401881297826 -0.06975647374950000312 0.00000000000254461067 0.99756405025899996808
0.00000004800133206195 -0.00443196516836403404 0.00480112911137619072 -0.06975647374950000312 0.00000000000254461067 0.99756405025899996808
-0.00565997599918124927 -0.00221601078799322712 0.00240059510875742163 -0.06975647374950000312 0.00000000000254461067 0.99756405025899996808
-0.00565992800519557471 -0.00664729766355523846 0.00720098942841163395 -0.06975647374950000312 0.00000000000254461067 0.99756405025899996808
-0.01131990400437681010 -0.00886330845154846211 0.00960158453716905905 -0.06975647374950000312 0.00000000000254461067 0.99756405025899996808
0.00000000000000000000 0.00000000000000000000 0.00000000000000000000 0.00000000000000000000 0.00000000000000000000 0.00000000000000000000
-0.01131995199836248467 -0.00443202157598645077 0.00480119021751484326 -0.06975647374950000312 0.00000000000254461067 0.99756405025899996808
-0.01131999999969454662 -0.00000005640762242021 0.00000006110613865601 -0.06975647374950000312 0.00000000000254461067 0.99756405025899996808
-0.01132004799368020731 0.00443123046793959113 -0.00480033321351555978 -0.06975647374950000312 0.00000000000254461067 0.99756405025899996808
0.00000000000000000000 0.00000000000000000000 0.00000000000000000000 0.00000000000000000000 0.00000000000000000000 0.00000000000000000000
-0.00566002399316692384 0.00221527608756878769 -0.00239979921089679069 -0.06975647374950000312 0.00000000000254461067 0.99756405025899996808
0.00000000000000000000 0.00000000000000000000 0.00000000000000000000 -0.06975647374189999916 0.41860295859199997404 0.90548638721300001020
0.00565778900048058420 0.00214391568894499451 -0.00246332846870580408 -0.06975647374189999916 0.41860295859199997404 0.90548638721300001020
0.00565862598870366107 -0.00214479466671767954 0.00246433840159726580 -0.06975647374189999916 0.41860295859199997404 0.90548638721300001020
-0.00000066299905257527 -0.00429041601927711985 0.00492962665340515929 -0.06975647374189999916 0.41860295859199997404 0.90548638721300001020
0.00565709696179850230 -0.00643488243459186884 0.00739358789883444792 -0.06975647374189999916 0.41860295859199997404 0.90548638721300001020
0.00565643396274592702 -0.01072529845386898870 0.01232321455223960374 -0.06975647374189999916 0.41860295859199997404 0.90548638721300001020
0.00000000000000000000 0.00000000000000000000 0.00000000000000000000 0.00000000000000000000 0.00000000000000000000 0.00000000000000000000
-0.00000132599810515055 -0.00858083203855423624 0.00985925330681031512 -0.06975647374189999916 0.41860295859199997404 0.90548638721300001020
-0.00565995198680881162 -0.00643603737183656016 0.00739491490521304931 -0.06975647374189999916 0.41860295859199997404 0.90548638721300001020
-0.01131771194765989613 -0.00429157095652180770 0.00493095365978376068 -0.06975647374189999916 0.41860295859199997404 0.90548638721300001020
0.00000000000000000000 0.00000000000000000000 0.00000000000000000000 0.00000000000000000000 0.00000000000000000000 0.00000000000000000000
-0.00565842295990365979 -0.00214594960396236739 0.00246566540797587067 -0.06975647374189999916 0.41860295859199997404 0.90548638721300001020
0.00000000000000000000 0.00000000000000000000 0.00000000000000000000 -0.06975647374500000553 0.43279571678399997303 0.89878913094500001435
0.00000075700307467647 0.00591518554791353735 -0.00277227656641634151 -0.06975647374500000553 0.43279571678399997303 0.89878913094500001435
0.00565858598750879072 0.00295826166835189142 -0.00138645177468565278 -0.06975647374500000553 0.43279571678399997303 0.89878913094500001435
0.00565932900352054957 -0.00295927639222581459 0.00138692734644824817 -0.06975647374500000553 0.43279571678399997303 0.89878913094500001435
0.01131704896929877635 -0.00000146747282836826 0.00000068776211684107 -0.06975647374500000553 0.43279571678399997303 0.89878913094500001435
0.01697637797281933980 -0.00296074386505418286 0.00138761510856508230 -0.06975647374500000553 0.43279571678399997303 0.89878913094500001435
0.00000000000000000000 0.00000000000000000000 0.00000000000000000000 0.00000000000000000000 0.00000000000000000000 0.00000000000000000000
0.01131865800704109914 -0.00591855278445162919 0.00277385469289648939 -0.06975647374500000553 0.43279571678399997303 0.89878913094500001435
0.00566007201953231537 -0.00887681445280351887 0.00416030646758214218 -0.06975647374500000553 0.43279571678399997303 0.89878913094500001435
0.00000235205375408859 -0.01183462337220096521 0.00554654605191354927 -0.06975647374500000553 0.43279571678399997303 0.89878913094500001435
0.00000000000000000000 0.00000000000000000000 0.00000000000000000000 0.00000000000000000000 0.00000000000000000000 0.00000000000000000000
0.00000160903774232279 -0.00591708531162325573 0.00277316693077964832 -0.06975647374500000553 0.43279571678399997303 0.89878913094500001435
0.00000000000000000000 0.00000000000000000000 0.00000000000000000000 -0.06975647374950000312 0.00000000000254727891 0.99756405025899996808
0.00565778900048058420 0.00293511582247612396 -0.00143159237728176375 -0.06975647374950000312 0.00000000000254727891 0.99756405025899996808
0.00565862598870365413 -0.00293631918209586937 0.00143217931168673068 -0.06975647374950000312 0.00000000000254727891 0.99756405025899996808
-0.00000066299905258221 -0.00587377013383495045 0.00286491064002017404 -0.06975647374950000312 0.00000000000254727891 0.99756405025899996808
0.00565709696179850230 -0.00880963992517751031 0.00429687076295396514 -0.06975647374950000312 0.00000000000254727891 0.99756405025899996808
0.00565643396274592009 -0.01468341005901246596 0.00716178140297413224 -0.06975647374950000312 0.00000000000254727891 0.99756405025899996808
0.00000000000000000000 0.00000000000000000000 0.00000000000000000000 0.00000000000000000000 0.00000000000000000000 0.00000000000000000000
-0.00000132599810515749 -0.01174754026766990436 0.00572982128004034807 -0.06975647374950000312 0.00000000000254727891 0.99756405025899996808
-0.00565995198680881162 -0.00881122108557404020 0.00429764196835362433 -0.06975647374950000312 0.00000000000254727891 0.99756405025899996808
-0.01131771194765989613 -0.00587535129423147687 0.00286568184541983323 -0.06975647374950000312 0.00000000000254727891 0.99756405025899996808
0.00000000000000000000 0.00000000000000000000 0.00000000000000000000 0.00000000000000000000 0.00000000000000000000 0.00000000000000000000
-0.00565842295990365979 -0.00293790034249238885 0.00143295051708638987 -0.06975647374950000312 0.00000000000254727891 0.99756405025899996808
0.00000000000000000000 0.00000000000000000000 0.00000000000000000000 -0.06975647374710000626 -0.43279571677599998347 0.89878913094799994798
0.00000078899713409561 0.00651669261197009367 -0.00045569153884827962 -0.06975647374710000626 -0.43279571677599998347 0.89878913094799994798
0.00565860198808855464 0.00325905557522290779 -0.00022789536636075997 -0.06975647374710000626 -0.43279571677599998347 0.89878913094799994798
0.00565931299731661785 -0.00326022878051121165 0.00022797740486634605 -0.06975647374710000626 -0.43279571677599998347 0.89878913094799994798
0.01131704896122578963 -0.00000167198942898489 0.00000011691689039833 -0.06975647374710000626 -0.43279571677599998347 0.89878913094799994798
0.01697636195854240748 -0.00326190076994019307 0.00022809432175673744 -0.06975647374710000626 -0.43279571677599998347 0.89878913094799994798
0.00000000000000000000 0.00000000000000000000 0.00000000000000000000 0.00000000000000000000 0.00000000000000000000 0.00000000000000000000
0.01131862599463322877 -0.00652045756102241983 0.00045595480973268515 -0.06975647374710000626 -0.43279571677599998347 0.89878913094799994798
0.00566002400654468107 -0.00977951313624532761 0.00068385017609344512 -0.06975647374710000626 -0.43279571677599998347 0.89878913094799994798
0.00000228804263550583 -0.01303806992732755091 0.00091171066406939283 -0.06975647374710000626 -0.43279571677599998347 0.89878913094799994798
0.00000000000000000000 0.00000000000000000000 0.00000000000000000000 0.00000000000000000000 0.00000000000000000000 0.00000000000000000000
0.00000157703340744261 -0.00651878557159343494 0.00045583789284228682 -0.06975647374710000626 -0.43279571677599998347 0.89878913094799994798
0.00000000000000000000 0.00000000000000000000 0.00000000000000000000 -0.06975647374950000312 -0.41860295859399998530 0.90548638721200003232
-0.00565700000000000230 0.00293634409080711922 0.00143219146079779508 -0.06975647374950000312 -0.41860295859399998530 0.90548638721200003232
0.00000000000000000000 0.00587268818161423151 0.00286438292159559016 -0.06975647374950000312 -0.41860295859399998530 0.90548638721200003232
0.00565999999999999837 0.00293634409080711922 0.00143219146079779508 -0.06975647374950000312 -0.41860295859399998530 0.90548638721200003232
0.00565999999999999837 0.00880813348329040346 0.00429613600116878630 -0.06975647374950000312 -0.41860295859399998530 0.90548638721200003232
0.01131999999999998979 0.01174447757409751575 0.00572832746196658138 -0.06975647374950000312 -0.41860295859399998530 0.90548638721200003232
0.00000000000000000000 0.00000000000000000000 0.00000000000000000000 0.00000000000000000000 0.00000000000000000000 0.00000000000000000000
0.01131999999999998979 0.00587268818161423151 0.00286438292159559016 -0.06975647374950000312 -0.41860295859399998530 0.90548638721200003232
0.01131999999999998979 0.00000000000000000000 0.00000000000000000000 -0.06975647374950000312 -0.41860295859399998530 0.90548638721200003232
0.01131999999999999673 -0.00587178939248328424 -0.00286394454037099122 -0.06975647374950000312 -0.41860295859399998530 0.90548638721200003232
0.00000000000000000000 0.00000000000000000000 0.00000000000000000000 0.00000000000000000000 0.00000000000000000000 0.00000000000000000000
0.00565999999999999837 -0.00293544530167617196 -0.00143175307957319267 -0.06975647374950000312 -0.41860295859399998530 0.90548638721200003232
0.00000000000000000000 0.00000000000000000000 0.00000000000000000000 -0.06975647373990000177 -0.75108640515100000279 0.65650837494199998368
-0.00565779699733913455 -0.00198523421735453953 -0.00259289726737196510 -0.06975647373990000177 -0.75108640515100000279 0.65650837494199998368
-0.00565861798853255216 0.00198606498765620254 0.00259398232928867781 -0.06975647373990000177 -0.75108640515100000279 0.65650837494199998368
0.00000067900244441269 0.00397287862875717046 0.00518894246837640558 -0.06975647373990000177 -0.75108640515100000279 0.65650837494199998368
-0.00565707295945996197 0.00595863965789063255 0.00778252780006341571 -0.06975647373990000177 -0.75108640515100000279 0.65650837494199998368
-0.00565639395701555275 0.00993151828664780301 0.01297147026843982129 -0.06975647373990000177 -0.75108640515100000279 0.65650837494199998368
0.00000000000000000000 0.00000000000000000000 0.00000000000000000000 0.00000000000000000000 0.00000000000000000000 0.00000000000000000000
0.00000135800488882190 0.00794575725751434092 0.01037788493675280768 -0.06975647373990000177 -0.75108640515100000279 0.65650837494199998368
0.00565997599342137753 0.00595969226985813838 0.00778390260746412987 -0.06975647373990000177 -0.75108640515100000279 0.65650837494199998368
0.01131772795532574871 0.00397393124072467629 0.00519031727577711280 -0.06975647373990000177 -0.75108640515100000279 0.65650837494199998368
0.00000000000000000000 0.00000000000000000000 0.00000000000000000000 0.00000000000000000000 0.00000000000000000000 0.00000000000000000000
0.00565843096434878734 0.00198711759962371531 0.00259535713668939197 -0.06975647373990000177 -0.75108640515100000279 0.65650837494199998368
0.00000000000000000000 0.00000000000000000000 0.00000000000000000000 -0.06975647374469999551 -0.73147310891700001445 0.67829280204200004256
0.00565699199976103795 -0.00295823657057842776 -0.00138644001209284329 -0.06975647374469999551 -0.73147310891700001445 0.67829280204200004256
-0.00000001600044401140 -0.00591644805402547630 -0.00277286826657204000 -0.06975647374469999551 -0.73147310891700001445 0.67829280204200004256
-0.00566000800020503847 -0.00295821147679499463 -0.00138642825136155168 -0.06975647374469999551 -0.73147310891700001445 0.67829280204200004256
-0.00566002399820023788 -0.00887375404443325327 -0.00415887214262496835 -0.06975647374469999551 -0.73147310891700001445 0.67829280204200004256
-0.01132003199840526941 -0.01183196552122824791 -0.00554530039398652697 -0.06975647374469999551 -0.73147310891700001445 0.67829280204200004256
0.00000000000000000000 0.00000000000000000000 0.00000000000000000000 0.00000000000000000000 0.00000000000000000000 0.00000000000000000000
-0.01132001600041007000 -0.00591642295358998233 -0.00277285650272311029 -0.06975647374469999551 -0.73147310891700001445 0.67829280204200004256
-0.01131999999996607248 0.00000002510043548704 0.00000001176384892276 -0.06975647374469999551 -0.73147310891700001445 0.67829280204200004256
-0.01131998400197087307 0.00591556766807374568 0.00277245565511233250 -0.06975647374469999551 -0.73147310891700001445 0.67829280204200004256
0.00000000000000000000 0.00000000000000000000 0.00000000000000000000 0.00000000000000000000 0.00000000000000000000 0.00000000000000000000
-0.00565999200220983906 0.00295733109084326401 0.00138601563990185805 -0.06975647374469999551 -0.73147310891700001445 0.67829280204200004256
0.00000000000000000000 0.00000000000000000000 0.00000000000000000000 -0.06975647374729999906 -0.79092841975399996723 0.60791962395999998847
-0.00000080499416375834 -0.00651669261002316841 0.00045569153871213158 -0.06975647374729999906 -0.79092841975399996723 0.60791962395999998847
-0.00565860998832752593 -0.00325904175219615330 0.00022789439976057119 -0.06975647374729999906 -0.79092841975399996723 0.60791962395999998847
-0.00565930499416375521 0.00326024260525529380 -0.00022797837158661932 -0.06975647374729999906 -0.79092841975399996723 0.60791962395999998847
-0.01131704895708750269 0.00000169963508427073 -0.00000011885006293011 -0.06975647374729999906 -0.79092841975399996723 0.60791962395999998847
-0.01697635395125126484 0.00326194224033956454 -0.00022809722164954943 -0.06975647374729999906 -0.79092841975399996723 0.60791962395999998847
0.00000000000000000000 0.00000000000000000000 0.00000000000000000000 0.00000000000000000000 0.00000000000000000000 0.00000000000000000000
-0.01131860998832752430 0.00652048521051058760 -0.00045595674317324558 -0.06975647374729999906 -0.79092841975399996723 0.60791962395999998847
-0.00565999999999999837 0.00977952696270674091 -0.00068385114293380983 -0.06975647374729999906 -0.79092841975399996723 0.60791962395999998847
-0.00000225603707626476 0.01303806993287776224 -0.00091171066445749904 -0.06975647374729999906 -0.79092841975399996723 0.60791962395999998847
0.00000000000000000000 0.00000000000000000000 0.00000000000000000000 0.00000000000000000000 0.00000000000000000000 0.00000000000000000000
-0.00000156103124003548 0.00651878557542631687 -0.00045583789311030853 -0.06975647374729999906 -0.79092841975399996723 0.60791962395999998847
0.00000000000000000000 0.00000000000000000000 0.00000000000000000000 -0.06975647375309999842 -0.97286880527700003718 0.22059084770099998685
-0.00565700000000000230 0.00072067029943917449 0.00318652213541759100 -0.06975647375309999842 -0.97286880527700003718 0.22059084770099998685
0.00000000000000000000 0.00144134059887833510 0.00637304427083517505 -0.06975647375309999842 -0.97286880527700003718 0.22059084770099998685
0.00565999999999999837 0.00072067029943917449 0.00318652213541759100 -0.06975647375309999842 -0.97286880527700003718 0.22059084770099998685
0.00565999999999999837 0.00216179030746981027 0.00955859103982013153 -0.06975647375309999842 -0.97286880527700003718 0.22059084770099998685
0.01131999999999999673 0.00288246060690897088 0.01274511317523771559 -0.06975647375309999842 -0.97286880527700003718 0.22059084770099998685
0.00000000000000000000 0.00000000000000000000 0.00000000000000000000 0.00000000000000000000 0.00000000000000000000 0.00000000000000000000
0.01131999999999999673 0.00144134059887834898 0.00637304427083518199 -0.06975647375309999842 -0.97286880527700003718 0.22059084770099998685
0.01131999999999999673 0.00000000000000001388 0.00000000000000000694 -0.06975647375309999842 -0.97286880527700003718 0.22059084770099998685
0.01132000000000000367 -0.00144112000803062190 -0.00637206890440254053 -0.06975647375309999842 -0.97286880527700003718 0.22059084770099998685
0.00000000000000000000 0.00000000000000000000 0.00000000000000000000 0.00000000000000000000 0.00000000000000000000 0.00000000000000000000
0.00565999999999999837 -0.00072044970859146129 -0.00318554676898494954 -0.06975647375309999842 -0.97286880527700003718 0.22059084770099998685
0.00000000000000000000 0.00000000000000000000 0.00000000000000000000 -0.06975647375210000667 -0.96142644723899994830 0.26606995493500001926
-0.00565781299095446250 -0.00086887587753074758 -0.00314787942412541114 -0.06975647375210000667 -0.96142644723899994830 0.26606995493500001926
-0.00565860198808856157 0.00086925422964578836 0.00314925016863429330 -0.06975647375210000667 -0.96142644723899994830 0.26606995493500001926
0.00000071100922805628 0.00173882137621968191 0.00629963401445412380 -0.06975647375210000667 -0.96142644723899994830 0.26606995493500001926
-0.00565702495468111549 0.00260794257032373467 0.00944840220418289786 -0.06975647375210000667 -0.96142644723899994830 0.26606995493500001926
-0.00565631394545306615 0.00434676394654341658 0.01574803621863702513 -0.06975647375210000667 -0.96142644723899994830 0.26606995493500001926
0.00000000000000000000 0.00000000000000000000 0.00000000000000000000 0.00000000000000000000 0.00000000000000000000 0.00000000000000000000
0.00000142201845611256 0.00347764275243934995 0.01259926802890824760 -0.06975647375210000667 -0.96142644723899994830 0.26606995493500001926
0.00566002400654467414 0.00260838852279356159 0.00945001786027395776 -0.06975647375210000667 -0.96142644723899994830 0.26606995493500001926
0.01131775997045384591 0.00173926732868949496 0.00630124967054518023 -0.06975647375210000667 -0.96142644723899994830 0.26606995493500001926
0.00000000000000000000 0.00000000000000000000 0.00000000000000000000 0.00000000000000000000 0.00000000000000000000 0.00000000000000000000
0.00565844697313722805 0.00086970018211561528 0.00315086582472534973 -0.06975647375210000667 -0.96142644723899994830 0.26606995493500001926
0.00000000000000000000 0.00000000000000000000 0.00000000000000000000 0.00000000000000000000 0.00000000000000000000 0.00000000000000000000
0.00000000000000000000 0.00000000000000000000 0.00000000000000000000 0.00000000000000000000 0.00000000000000000000 0.00000000000000000000
0.00000000000000000000 0.00000000000000000000 0.00000000000000000000 0.00000000000000000000 0.00000000000000000000 0.00000000000000000000
0.00000000000000000000 0.00000000000000000000 0.00000000000000000000 0.00000000000000000000 0.00000000000000000000 0.00000000000000000000
0.00000000000000000000 0.00000000000000000000 0.00000000000000000000 0.00000000000000000000 0.00000000000000000000 0.00000000000000000000
0.00000000000000000000 0.00000000000000000000 0.00000000000000000000 0.00000000000000000000 0.00000000000000000000 0.00000000000000000000
0.00000000000000000000 0.00000000000000000000 0.00000000000000000000 0.00000000000000000000 0.00000000000000000000 0.00000000000000000000
0.00000000000000000000 0.00000000000000000000 0.00000000000000000000 0.00000000000000000000 0.00000000000000000000 0.00000000000000000000
0.00000000000000000000 0.00000000000000000000 0.00000000000000000000 0.00000000000000000000 0.00000000000000000000 0.00000000000000000000
0.00000000000000000000 0.00000000000000000000 0.00000000000000000000 0.00000000000000000000 0.00000000000000000000 0.00000000000000000000
0.00000000000000000000 0.00000000000000000000 0.00000000000000000000 0.00000000000000000000 0.00000000000000000000 0.00000000000000000000
0.00000000000000000000 0.00000000000000000000 0.00000000000000000000 0.00000000000000000000 0.00000000000000000000 0.00000000000000000000
0.00000000000000000000 0.00000000000000000000 0.00000000000000000000 0.00000000000000000000 0.00000000000000000000 0.00000000000000000000
0.00000000000000000000 0.00000000000000000000 0.00000000000000000000 0.00000000000000000000 0.00000000000000000000 0.00000000000000000000
0.00000000000000000000 0.00000000000000000000 0.00000000000000000000 0.00000000000000000000 0.00000000000000000000 0.00000000000000000000
0.00000000000000000000 0.00000000000000000000 0.00000000000000000000 0.00000000000000000000 0.00000000000000000000 0.00000000000000000000
0.00000000000000000000 0.00000000000000000000 0.00000000000000000000 0.00000000000000000000 0.00000000000000000000 0.00000000000000000000
0.00000000000000000000 0.00000000000000000000 0.00000000000000000000 0.00000000000000000000 0.00000000000000000000 0.00000000000000000000
0.00000000000000000000 0.00000000000000000000 0.00000000000000000000 0.00000000000000000000 0.00000000000000000000 0.00000000000000000000
0.00000000000000000000 0.00000000000000000000 0.00000000000000000000 0.00000000000000000000 0.00000000000000000000 0.00000000000000000000
0.00000000000000000000 0.00000000000000000000 0.00000000000000000000 0.00000000000000000000 0.00000000000000000000 0.00000000000000000000
0.00000000000000000000 0.00000000000000000000 0.00000000000000000000 0.00000000000000000000 0.00000000000000000000 0.00000000000000000000
0.00000000000000000000 0.00000000000000000000 0.00000000000000000000 0.00000000000000000000 0.00000000000000000000 0.00000000000000000000
0.00000000000000000000 0.00000000000000000000 0.00000000000000000000 0.00000000000000000000 0.00000000000000000000 0.00000000000000000000
0.00000000000000000000 0.00000000000000000000 0.00000000000000000000 0.00000000000000000000 0.00000000000000000000 0.00000000000000000000
0.00000000000000000000 0.00000000000000000000 0.00000000000000000000 0.00000000000000000000 0.00000000000000000000 0.00000000000000000000
0.00000000000000000000 0.00000000000000000000 0.00000000000000000000 0.00000000000000000000 0.00000000000000000000 0.00000000000000000000
0.00000000000000000000 0.00000000000000000000 0.00000000000000000000 0.00000000000000000000 0.00000000000000000000 0.00000000000000000000
0.00000000000000000000 0.00000000000000000000 0.00000000000000000000 0.00000000000000000000 0.00000000000000000000 0.00000000000000000000
0.00000000000000000000 0.00000000000000000000 0.00000000000000000000 0.00000000000000000000 0.00000000000000000000 0.00000000000000000000
0.00000000000000000000 0.00000000000000000000 0.00000000000000000000 0.00000000000000000000 0.00000000000000000000 0.00000000000000000000
0.00000000000000000000 0.00000000000000000000 0.00000000000000000000 0.00000000000000000000 0.00000000000000000000 0.00000000000000000000
0.00000000000000000000 0.00000000000000000000 0.00000000000000000000 0.00000000000000000000 0.00000000000000000000 0.00000000000000000000
0.00000000000000000000 0.00000000000000000000 0.00000000000000000000 0.00000000000000000000 0.00000000000000000000 0.00000000000000000000
0.00000000000000000000 0.00000000000000000000 0.00000000000000000000 0.00000000000000000000 0.00000000000000000000 0.00000000000000000000
0.00000000000000000000 0.00000000000000000000 0.00000000000000000000 0.00000000000000000000 0.00000000000000000000 0.00000000000000000000
0.00000000000000000000 0.00000000000000000000 0.00000000000000000000 -0.06975647375299999509 -0.24926685237999998690 -0.96591928786699998710
-0.00326698614714177049 0.00546421313901597309 0.00146427944252079667 -0.06975647375299999509 -0.24926685237999998690 -0.96591928786699998710
-0.00653399999998040965 0.00000001545513747189 0.00000000414161005491 -0.06975647375299999509 -0.24926685237999998690 -0.96591928786699998710
-0.00326701386018503348 -0.00546709544174209250 -0.00146505183124752414 -0.06975647375299999509 -0.24926685237999998690 -0.96591928786699998710
-0.00980001386016544906 -0.00546707998896995943 -0.00146504769027132331 -0.06975647375299999509 -0.24926685237999998690 -0.96591928786699998710
-0.01306702772035048254 -0.01093417543071205367 -0.00293009952151884051 -0.06975647375299999509 -0.24926685237999998690 -0.96591928786699998710
0.00000000000000000000 0.00000000000000000000 0.00000000000000000000 0.00000000000000000000 0.00000000000000000000 0.00000000000000000000
-0.00653402772037007390 -0.01093419088348418500 -0.00293010366249504134 -0.06975647375299999509 -0.24926685237999998690 -0.96591928786699998710
-0.00000002772038966425 -0.01093420633862165689 -0.00293010780410510319 -0.06975647375299999509 -0.24926685237999998690 -0.96591928786699998710
0.00653297227959075827 -0.01093422179139378822 -0.00293011194508130401 -0.06975647375299999509 -0.24926685237999998690 -0.96591928786699998710
0.00000000000000000000 0.00000000000000000000 0.00000000000000000000 0.00000000000000000000 0.00000000000000000000 0.00000000000000000000
0.00326598613979537516 -0.00546711089451422383 -0.00146505597222372497 -0.06975647375299999509 -0.24926685237999998690 -0.96591928786699998710
0.00000000000000000000 0.00000000000000000000 0.00000000000000000000 -0.06975647375299999509 -0.49731582650900002518 -0.86476066230699999426
0.00326563341880881791 0.00546496752224594901 -0.00146448159932312943 -0.06975647375299999509 -0.49731582650900002518 -0.86476066230699999426
-0.00326697228637886500 0.00546577598531433617 -0.00146469824823871470 -0.06975647375299999509 -0.49731582650900002518 -0.86476066230699999426
-0.00653520378874539870 -0.00000064040357272352 0.00000017161295919055 -0.06975647375299999509 -0.49731582650900002518 -0.86476066230699999426
-0.00980167607936571761 0.00546429906873498183 -0.00146430246964617677 -0.06975647375299999509 -0.49731582650900002518 -0.86476066230699999426
-0.01633687986811111631 0.00546365866516225485 -0.00146413085668698623 -0.06975647375299999509 -0.49731582650900002518 -0.86476066230699999426
0.00000000000000000000 0.00000000000000000000 0.00000000000000000000 0.00000000000000000000 0.00000000000000000000 0.00000000000000000000
-0.01307040757749079740 -0.00000128080714544704 0.00000034322591838110 -0.06975647375299999509 -0.49731582650900002518 -0.86476066230699999426
-0.00980343529111192546 -0.00546705679245978321 0.00146504147415709579 -0.06975647375299999509 -0.49731582650900002518 -0.86476066230699999426
-0.00653696300049160656 -0.01093199626476749203 0.00292951555676246311 -0.06975647375299999509 -0.49731582650900002518 -0.86476066230699999426
0.00000000000000000000 0.00000000000000000000 0.00000000000000000000 0.00000000000000000000 0.00000000000000000000 0.00000000000000000000
-0.00326873149812507285 -0.00546557987588042887 0.00146464569556456481 -0.06975647375299999509 -0.49731582650900002518 -0.86476066230699999426
0.00000000000000000000 0.00000000000000000000 0.00000000000000000000 -0.06975647374580000448 -0.86156942754599996626 -0.50282417989700001204
-0.00326698614714177049 0.00489195798493330392 -0.00284086018452705397 -0.06975647374580000448 -0.86156942754599996626 -0.50282417989700001204
-0.00653399999998040965 0.00000001383655454795 -0.00000000803517058445 -0.06975647374580000448 -0.86156942754599996626 -0.50282417989700001204
-0.00326701386018503348 -0.00489453843036567054 0.00284235870203471130 -0.06975647374580000448 -0.86156942754599996626 -0.50282417989700001204
-0.00980001386016544906 -0.00489452459592874811 0.00284235066809387232 -0.06975647374580000448 -0.86156942754599996626 -0.50282417989700001204
-0.01306702772035048601 -0.00978906302629441866 0.00568470937012858016 -0.06975647374580000448 -0.86156942754599996626 -0.50282417989700001204
0.00000000000000000000 0.00000000000000000000 0.00000000000000000000 0.00000000000000000000 0.00000000000000000000 0.00000000000000000000
-0.00653402772037007390 -0.00978907686073134109 0.00568471740406941914 -0.06975647374580000448 -0.86156942754599996626 -0.50282417989700001204
-0.00000002772038966425 -0.00978909069728588904 0.00568472543924000706 -0.06975647374580000448 -0.86156942754599996626 -0.50282417989700001204
0.00653297227959075133 -0.00978910453172281841 0.00568473347318084257 -0.06975647374580000448 -0.86156942754599996626 -0.50282417989700001204
0.00000000000000000000 0.00000000000000000000 0.00000000000000000000 0.00000000000000000000 0.00000000000000000000 0.00000000000000000000
0.00326598613979537516 -0.00489455226480259992 0.00284236673597554335 -0.06975647374580000448 -0.86156942754599996626 -0.50282417989700001204
0.00000000000000000000 0.00000000000000000000 0.00000000000000000000 -0.06975647374689999958 -0.26558335636100000032 -0.96156097840700005541
-0.00653260570920857070 -0.00000069612728621077 -0.00000040425537113295 -0.06975647374689999958 -0.26558335636100000032 -0.96156097840700005541
-0.00326700000000000254 -0.00489334332124311683 -0.00284166467769253472 -0.06975647374689999958 -0.26558335636100000032 -0.96156097840700005541
0.00326820378541992085 -0.00489394433495037029 -0.00284201369866052961 -0.06975647374689999958 -0.26558335636100000032 -0.96156097840700005541
0.00000170378541992228 -0.00978653875149173430 -0.00568324347205589886 -0.06975647374689999958 -0.26558335636100000032 -0.96156097840700005541
0.00326990757083984313 -0.01468048308644209939 -0.00852525717071642847 -0.06975647374689999958 -0.26558335636100000032 -0.96156097840700005541
0.00000000000000000000 0.00000000000000000000 0.00000000000000000000 0.00000000000000000000 0.00000000000000000000 0.00000000000000000000
0.00653640757083984170 -0.00978788866990073711 -0.00568402739732105922 -0.06975647374689999958 -0.26558335636100000032 -0.96156097840700005541
0.00980340757083984077 -0.00489454534865762375 -0.00284236271962852449 -0.06975647374689999958 -0.26558335636100000032 -0.96156097840700005541
0.01306990757083984628 -0.00000195093211626321 -0.00000113294623316218 -0.06975647374689999958 -0.26558335636100000032 -0.96156097840700005541
0.00000000000000000000 0.00000000000000000000 0.00000000000000000000 0.00000000000000000000 0.00000000000000000000 0.00000000000000000000
0.00653470378541991942 -0.00000134991840900628 -0.00000078392526516383 -0.06975647374689999958 -0.26558335636100000032 -0.96156097840700005541
0.00000000000000000000 0.00000000000000000000 0.00000000000000000000 -0.06975647373839999332 0.26558335635899998906 -0.96156097840800003329
-0.00326559185437907615 -0.00284488517714766125 -0.00489054967968413287 -0.06975647373839999332 0.26558335635899998906 -0.96156097840800003329
0.00326701385678117295 -0.00284528190398455026 -0.00489123167990004534 -0.06975647373839999332 0.26558335635899998906 -0.96156097840800003329
0.00653520378369840116 0.00000035751263199185 0.00000061458835032280 -0.06975647373839999332 0.26558335635899998906 -0.96156097840800003329
0.00980171763835886029 -0.00284448893345479702 -0.00488986851002540593 -0.06975647373839999332 0.26558335635899998906 -0.96156097840800003329
0.01633692142205725450 -0.00284413142082280170 -0.00488925392167507966 -0.06975647373839999332 0.26558335635899998906 -0.96156097840800003329
0.00000000000000000000 0.00000000000000000000 0.00000000000000000000 0.00000000000000000000 0.00000000000000000000 0.00000000000000000000
0.01307040756739679538 0.00000071502526398370 0.00000122917670064560 -0.06975647373839999332 0.26558335635899998906 -0.96156097840800003329
0.00980339371061562243 0.00284599692924854264 0.00489246085660069094 -0.06975647373839999332 0.26558335635899998906 -0.96156097840800003329
0.00653687985595516330 0.00569084337533532630 0.00978294395497641620 -0.06975647373839999332 0.26558335635899998906 -0.96156097840800003329
0.00000000000000000000 0.00000000000000000000 0.00000000000000000000 0.00000000000000000000 0.00000000000000000000 0.00000000000000000000
0.00326868992903794203 0.00284520395871878246 0.00489109768672604805 -0.06975647373839999332 0.26558335635899998906 -0.96156097840800003329
0.00000000000000000000 0.00000000000000000000 0.00000000000000000000 0.00000000000000000000 0.00000000000000000000 0.00000000000000000000
0.00000000000000000000 0.00000000000000000000 0.00000000000000000000 0.00000000000000000000 0.00000000000000000000 0.00000000000000000000
0.00000000000000000000 0.00000000000000000000 0.00000000000000000000 0.00000000000000000000 0.00000000000000000000 0.00000000000000000000
0.00000000000000000000 0.00000000000000000000 0.00000000000000000000 0.00000000000000000000 0.00000000000000000000 0.00000000000000000000
0.00000000000000000000 0.00000000000000000000 0.00000000000000000000 0.00000000000000000000 0.00000000000000000000 0.00000000000000000000
0.00000000000000000000 0.00000000000000000000 0.00000000000000000000 0.00000000000000000000 0.00000000000000000000 0.00000000000000000000
0.00000000000000000000 0.00000000000000000000 0.00000000000000000000 0.00000000000000000000 0.00000000000000000000 0.00000000000000000000
0.00000000000000000000 0.00000000000000000000 0.00000000000000000000 0.00000000000000000000 0.00000000000000000000 0.00000000000000000000
0.00000000000000000000 0.00000000000000000000 0.00000000000000000000 0.00000000000000000000 0.00000000000000000000 0.00000000000000000000
0.00000000000000000000 0.00000000000000000000 0.00000000000000000000 0.00000000000000000000 0.00000000000000000000 0.00000000000000000000
0.00000000000000000000 0.00000000000000000000 0.00000000000000000000 0.00000000000000000000 0.00000000000000000000 0.00000000000000000000
0.00000000000000000000 0.00000000000000000000 0.00000000000000000000 0.00000000000000000000 0.00000000000000000000 0.00000000000000000000
0.00000000000000000000 0.00000000000000000000 0.00000000000000000000 -0.06975647374450000271 0.24926685238400000943 -0.96591928786699998710
-0.00326698614714177049 0.00543955814753903887 0.00155336623947008312 -0.06975647374450000271 0.24926685238400000943 -0.96591928786699998710
-0.00653399999998040965 0.00000001538540258562 0.00000000439358571053 -0.06975647374450000271 0.24926685238400000943 -0.96591928786699998710
-0.00326701386018503348 -0.00544242744507166844 -0.00155418562034576740 -0.06975647374450000271 0.24926685238400000943 -0.96591928786699998710
-0.00980001386016544906 -0.00544241206202375136 -0.00155418122743247733 -0.06975647374450000271 0.24926685238400000943 -0.96591928786699998710
-0.01306702772035048254 -0.01088483950709542153 -0.00310836684777823086 -0.06975647374450000271 0.24926685238400000943 -0.96591928786699998710
0.00000000000000000000 0.00000000000000000000 0.00000000000000000000 0.00000000000000000000 0.00000000000000000000 0.00000000000000000000
-0.00653402772037006696 -0.01088485489014333861 -0.00310837124069152787 -0.06975647374450000271 0.24926685238400000943 -0.96591928786699998710
-0.00000002772038966425 -0.01088487027554592423 -0.00310837563427723840 -0.06975647374450000271 0.24926685238400000943 -0.96591928786699998710
0.00653297227959075133 -0.01088488565859384305 -0.00310838002719052847 -0.06975647374450000271 0.24926685238400000943 -0.96591928786699998710
0.00000000000000000000 0.00000000000000000000 0.00000000000000000000 0.00000000000000000000 0.00000000000000000000 0.00000000000000000000
0.00326598613979537516 -0.00544244282811958725 -0.00155419001325905748 -0.06975647374450000271 0.24926685238400000943 -0.96591928786699998710
0.00000000000000000000 0.00000000000000000000 0.00000000000000000000 -0.06975647374089999353 0.49731582651000000306 -0.86476066230699999426
0.00326563341880881444 0.00544030912692246987 -0.00155358069551701089 -0.06975647374089999353 0.49731582651000000306 -0.86476066230699999426
-0.00326697228637886500 0.00544111394213716432 -0.00155381052535789183 -0.06975647374089999353 0.49731582651000000306 -0.86476066230699999426
-0.00653520378874539870 -0.00000063751401768036 0.00000018205389581277 -0.06975647374089999353 0.49731582651000000306 -0.86476066230699999426
-0.00980167607936571761 0.00543964368953023594 -0.00155339066758614780 -0.06975647374089999353 0.49731582651000000306 -0.86476066230699999426
-0.01633687986811112325 0.00543900617551255558 -0.00155320861369033503 -0.06975647374089999353 0.49731582651000000306 -0.86476066230699999426
0.00000000000000000000 0.00000000000000000000 0.00000000000000000000 0.00000000000000000000 0.00000000000000000000 0.00000000000000000000
-0.01307040757749080434 -0.00000127502803536073 0.00000036410779162555 -0.06975647374089999353 0.49731582651000000306 -0.86476066230699999426
-0.00980343529111193240 -0.00544238897017252851 0.00155417463314952431 -0.06975647374089999353 0.49731582651000000306 -0.86476066230699999426
-0.00653696300049162043 -0.01088267017372044482 0.00310774735463148488 -0.06975647374089999353 0.49731582651000000306 -0.86476066230699999426
0.00000000000000000000 0.00000000000000000000 0.00000000000000000000 0.00000000000000000000 0.00000000000000000000 0.00000000000000000000
-0.00326873149812508673 -0.00544091871756560014 0.00155375477537778028 -0.06975647374089999353 0.49731582651000000306 -0.86476066230699999426
0.00000000000000000000 0.00000000000000000000 0.00000000000000000000 0.00000000000000000000 0.00000000000000000000 0.00000000000000000000
0.00000000000000000000 0.00000000000000000000 0.00000000000000000000 0.00000000000000000000 0.00000000000000000000 0.00000000000000000000
0.00000000000000000000 0.00000000000000000000 0.00000000000000000000 0.00000000000000000000 0.00000000000000000000 0.00000000000000000000
0.00000000000000000000 0.00000000000000000000 0.00000000000000000000 0.00000000000000000000 0.00000000000000000000 0.00000000000000000000
0.00000000000000000000 0.00000000000000000000 0.00000000000000000000 0.00000000000000000000 0.00000000000000000000 0.00000000000000000000
0.00000000000000000000 0.00000000000000000000 0.00000000000000000000 0.00000000000000000000 0.00000000000000000000 0.00000000000000000000
0.00000000000000000000 0.00000000000000000000 0.00000000000000000000 0.00000000000000000000 0.00000000000000000000 0.00000000000000000000
0.00000000000000000000 0.00000000000000000000 0.00000000000000000000 0.00000000000000000000 0.00000000000000000000 0.00000000000000000000
0.00000000000000000000 0.00000000000000000000 0.00000000000000000000 0.00000000000000000000 0.00000000000000000000 0.00000000000000000000
0.00000000000000000000 0.00000000000000000000 0.00000000000000000000 0.00000000000000000000 0.00000000000000000000 0.00000000000000000000
0.00000000000000000000 0.00000000000000000000 0.00000000000000000000 0.00000000000000000000 0.00000000000000000000 0.00000000000000000000
0.00000000000000000000 0.00000000000000000000 0.00000000000000000000 0.00000000000000000000 0.00000000000000000000 0.00000000000000000000
0.00000000000000000000 0.00000000000000000000 0.00000000000000000000 0.00000000000000000000 0.00000000000000000000 0.00000000000000000000
0.00000000000000000000 0.00000000000000000000 0.00000000000000000000 0.00000000000000000000 0.00000000000000000000 0.00000000000000000000
0.00000000000000000000 0.00000000000000000000 0.00000000000000000000 0.00000000000000000000 0.00000000000000000000 0.00000000000000000000
0.00000000000000000000 0.00000000000000000000 0.00000000000000000000 0.00000000000000000000 0.00000000000000000000 0.00000000000000000000
0.00000000000000000000 0.00000000000000000000 0.00000000000000000000 0.00000000000000000000 0.00000000000000000000 0.00000000000000000000
0.00000000000000000000 0.00000000000000000000 0.00000000000000000000 0.00000000000000000000 0.00000000000000000000 0.00000000000000000000
0.00000000000000000000 0.00000000000000000000 0.00000000000000000000 0.00000000000000000000 0.00000000000000000000 0.00000000000000000000
0.00000000000000000000 0.00000000000000000000 0.00000000000000000000 0.00000000000000000000 0.00000000000000000000 0.00000000000000000000
0.00000000000000000000 0.00000000000000000000 0.00000000000000000000 0.00000000000000000000 0.00000000000000000000 0.00000000000000000000
0.00000000000000000000 0.00000000000000000000 0.00000000000000000000 0.00000000000000000000 0.00000000000000000000 0.00000000000000000000
0.00000000000000000000 0.00000000000000000000 0.00000000000000000000 0.00000000000000000000 0.00000000000000000000 0.00000000000000000000
0.00000000000000000000 0.00000000000000000000 0.00000000000000000000 0.00000000000000000000 0.00000000000000000000 0.00000000000000000000
0.00000000000000000000 0.00000000000000000000 0.00000000000000000000 0.00000000000000000000 0.00000000000000000000 0.00000000000000000000
0.00000000000000000000 0.00000000000000000000 0.00000000000000000000 0.00000000000000000000 0.00000000000000000000 0.00000000000000000000
0.00000000000000000000 0.00000000000000000000 0.00000000000000000000 0.00000000000000000000 0.00000000000000000000 0.00000000000000000000
0.00000000000000000000 0.00000000000000000000 0.00000000000000000000 0.00000000000000000000 0.00000000000000000000 0.00000000000000000000
0.00000000000000000000 0.00000000000000000000 0.00000000000000000000 0.00000000000000000000 0.00000000000000000000 0.00000000000000000000
0.00000000000000000000 0.00000000000000000000 0.00000000000000000000 0.00000000000000000000 0.00000000000000000000 0.00000000000000000000
0.00000000000000000000 0.00000000000000000000 0.00000000000000000000 0.00000000000000000000 0.00000000000000000000 0.00000000000000000000
0.00000000000000000000 0.00000000000000000000 0.00000000000000000000 0.00000000000000000000 0.00000000000000000000 0.00000000000000000000
0.00000000000000000000 0.00000000000000000000 0.00000000000000000000 0.00000000000000000000 0.00000000000000000000 0.00000000000000000000
0.00000000000000000000 0.00000000000000000000 0.00000000000000000000 0.00000000000000000000 0.00000000000000000000 0.00000000000000000000
0.00000000000000000000 0.00000000000000000000 0.00000000000000000000 0.00000000000000000000 0.00000000000000000000 0.00000000000000000000
0.00000000000000000000 0.00000000000000000000 0.00000000000000000000 0.00000000000000000000 0.00000000000000000000 0.00000000000000000000
0.00000000000000000000 0.00000000000000000000 0.00000000000000000000 0.00000000000000000000 0.00000000000000000000 0.00000000000000000000
0.00000000000000000000 0.00000000000000000000 0.00000000000000000000 0.00000000000000000000 0.00000000000000000000 0.00000000000000000000
0.00000000000000000000 0.00000000000000000000 0.00000000000000000000 0.00000000000000000000 0.00000000000000000000 0.00000000000000000000
0.00000000000000000000 0.00000000000000000000 0.00000000000000000000 0.00000000000000000000 0.00000000000000000000 0.00000000000000000000
0.00000000000000000000 0.00000000000000000000 0.00000000000000000000 0.00000000000000000000 0.00000000000000000000 0.00000000000000000000
0.00000000000000000000 0.00000000000000000000 0.00000000000000000000 0.00000000000000000000 0.00000000000000000000 0.00000000000000000000
0.00000000000000000000 0.00000000000000000000 0.00000000000000000000 0.00000000000000000000 0.00000000000000000000 0.00000000000000000000
0.00000000000000000000 0.00000000000000000000 0.00000000000000000000 0.00000000000000000000 0.00000000000000000000 0.00000000000000000000
0.00000000000000000000 0.00000000000000000000 0.00000000000000000000 0.00000000000000000000 0.00000000000000000000 0.00000000000000000000
0.00000000000000000000 0.00000000000000000000 0.00000000000000000000 0.00000000000000000000 0.00000000000000000000 0.00000000000000000000
0.00000000000000000000 0.00000000000000000000 0.00000000000000000000 0.00000000000000000000 0.00000000000000000000 0.00000000000000000000
0.00000000000000000000 0.00000000000000000000 0.00000000000000000000 0.00000000000000000000 0.00000000000000000000 0.00000000000000000000
0.00000000000000000000 0.00000000000000000000 0.00000000000000000000 -0.06975647374139999635 0.86156942754999998879 -0.50282417988999994485
0.00326563341880881791 0.00284487311419691358 -0.00489052894256629400 -0.06975647374139999635 0.86156942754999998879 -0.50282417988999994485
-0.00326697228637886500 0.00284529397211377016 -0.00489125242573775626 -0.06975647374139999635 0.86156942754999998879 -0.50282417988999994485
-0.00653520378874539870 -0.00000033337195488869 0.00000057308889660906 -0.06975647374139999635 0.86156942754999998879 -0.50282417988999994485
-0.00980167607936571067 0.00284452514041414611 -0.00488993075214176967 -0.06975647374139999635 0.86156942754999998879 -0.50282417988999994485
-0.01633687986811111978 0.00284419176845925742 -0.00488935766324516061 -0.06975647374139999635 0.86156942754999998879 -0.50282417988999994485
0.00000000000000000000 0.00000000000000000000 0.00000000000000000000 0.00000000000000000000 0.00000000000000000000 0.00000000000000000000
-0.01307040757749080434 -0.00000066674390977739 0.00000114617779321813 -0.06975647374139999635 0.86156942754999998879 -0.50282417988999994485
-0.00980343529111193240 -0.00284596071602354062 0.00489239860353097439 -0.06975647374139999635 0.86156942754999998879 -0.50282417988999994485
-0.00653696300049161350 -0.00569081922839256849 0.00978290244456935312 -0.06975647374139999635 0.86156942754999998879 -0.50282417988999994485
0.00000000000000000000 0.00000000000000000000 0.00000000000000000000 0.00000000000000000000 0.00000000000000000000 0.00000000000000000000
-0.00326873149812508673 -0.00284519188432391656 0.00489107692993498433 -0.06975647374139999635 0.86156942754999998879 -0.50282417988999994485
