name    leftHand
spatial_sampling    taxel
taxel2Repr ( 3 3 3 3 3 3 -2 3 3 3 -2 3 15 15 15 15 15 15 -2 15 15 15 -2 15 27 27 27 27 27 27 -2 27 27 27 -2 27 39 39 39 39 39 39 -2 39 39 39 -2 39 51 51 51 51 51 51 -2 51 51 51 -2 51 63 63 63 63 63 63 -2 63 63 63 -2 63 75 75 75 75 75 75 -2 75 75 75 -2 75 87 87 87 87 87 87 -2 87 87 87 -2 87 99 99 99 99 99 99 -2 99 99 99 -2 99 111 111 111 111 111 111 -2 111 111 111 -2 111 123 123 123 123 123 123 -2 123 123 123 -2 123 135 135 135 135 135 135 -2 135 135 135 -2 135 147 147 147 147 147 147 -2 147 147 147 -2 147 159 159 159 159 159 159 -2 159 159 159 -2 159 171 171 171 171 171 171 -2 171 171 171 -2 171 183 183 183 183 183 183 -2 183 183 183 -2 183 -1 -1 -1 -1 -1 -1 -1 -1 -1 -1 -1 -1 -1 -1 -1 -1 -1 -1 -1 -1 -1 -1 -1 -1 -1 -1 -1 -1 -1 -1 -1 -1 -1 -1 -1 -1 231 231 231 231 231 231 -2 231 231 231 -2 231 243 243 243 243 243 243 -2 243 243 243 -2 243 255 255 255 255 255 255 -2 255 255 255 -2 255 267 267 267 267 267 267 -2 267 267 267 -2 267 279 279 279 279 279 279 -2 279 279 279 -2 279 -1 -1 -1 -1 -1 -1 -1 -1 -1 -1 -1 -1 303 303 303 303 303 303 -2 303 303 303 -2 303 315 315 315 315 315 315 -2 315 315 315 -2 315 -1 -1 -1 -1 -1 -1 -1 -1 -1 -1 -1 -1 -1 -1 -1 -1 -1 -1 -1 -1 -1 -1 -1 -1 -1 -1 -1 -1 -1 -1 -1 -1 -1 -1 -1 -1 -1 -1 -1 -1 -1 -1 -1 -1 -1 -1 -1 -1 375 375 375 375 375 375 -2 375 375 375 -2 375 )
[calibration]
0.08966107452514882059 -0.03178946980894709062 0.01323045779043523218 -0.06975647375110000104 -0.39278735936699998854 0.91697989328600004733
0.08965320661629802568 -0.03609314506402908074 0.00831586163258001693 -0.06975647375110000104 -0.39278735936699998854 0.91697989328600004733
0.08399893994690596499 -0.03393247993822295916 0.01077263444371402354 -0.06975647375110000104 -0.39278735936699998854 0.91697989328600004733
0.08400531066676245051 -0.02962709061020984969 0.01568918518057816833 -0.06975647375110000104 -0.39278735936699998854 0.91697989328600004733
0.07834404265334639350 -0.03176977276119841154 0.01323173799292440972 -0.06975647375110000104 -0.39278735936699998854 0.91697989328600004733
0.07268827879496003730 -0.02960739356246116713 0.01569046538306734240 -0.06975647375110000104 -0.39278735936699998854 0.91697989328600004733
0.00000000000000000000 0.00000000000000000000 0.00000000000000000000 0.00000000000000000000 0.00000000000000000000 0.00000000000000000000
0.07834954680837608043 -0.02746471141147261222 0.01814791257072110447 -0.06975647375110000104 -0.39278735936699998854 0.91697989328600004733
0.08401168138661893603 -0.02532170128219674368 0.02060573591744231312 -0.06975647375110000104 -0.39278735936699998854 0.91697989328600004733
0.08967294940003495141 -0.02317901913120818877 0.02306318310509607866 -0.06975647375110000104 -0.39278735936699998854 0.91697989328600004733
0.00000000000000000000 0.00000000000000000000 0.00000000000000000000 0.00000000000000000000 0.00000000000000000000 0.00000000000000000000
0.08966657868017850752 -0.02748440845922129477 0.01814663236823193040 -0.06975647375110000104 -0.39278735936699998854 0.91697989328600004733
0.10895468165543759076 -0.02765649893972575366 0.01985782114631970408 -0.06975647374979999926 0.00000000000241920343 0.99756405025899996808
0.11460801730832001488 -0.02988906592639072046 0.01746400021611162548 -0.06975647374979999926 0.00000000000241920343 0.99756405025899996808
0.10894736823126058289 -0.03210304446791489158 0.01507019800121230796 -0.06975647374979999926 0.00000000000241920343 0.99756405025899996808
0.10329103258242715302 -0.02987047255237106416 0.01746401893638290306 -0.06975647374979999926 0.00000000000241920343 0.99756405025899996808
0.10328372027753758566 -0.03431633755629815569 0.01267712851596866641 -0.06975647374979999926 0.00000000000241920343 0.99756405025899996808
0.09762007120452716180 -0.03653031116894345925 0.01028332630603186540 -0.06975647374979999926 0.00000000000241920343 0.99756405025899996808
0.00000000000000000000 0.00000000000000000000 0.00000000000000000000 0.00000000000000000000 0.00000000000000000000 0.00000000000000000000
0.09762738350941672916 -0.03208444616501637120 0.01507021672644610205 -0.06975647374979999926 0.00000000000241920343 0.99756405025899996808
0.09763469693359372314 -0.02763790063682723327 0.01985783987155349470 -0.06975647374979999926 0.00000000000241920343 0.99756405025899996808
0.09764200923848327662 -0.02319203563290014175 0.02464473029196772441 -0.06975647374979999926 0.00000000000241920343 0.99756405025899996808
0.00000000000000000000 0.00000000000000000000 0.00000000000000000000 0.00000000000000000000 0.00000000000000000000 0.00000000000000000000
0.10329834488731670650 -0.02542460754844396570 0.02225090935679713972 -0.06975647374979999926 0.00000000000241920343 0.99756405025899996808
0.11783629030286905948 -0.01932342601163014248 0.02641286449787837165 -0.06975647374240000198 0.39278735937300002234 0.91697989328399998055
0.11782560892460021418 -0.02532158560241200979 0.02382502651383267001 -0.06975647374240000198 0.39278735937300002234 0.91697989328399998055
0.11217274873149810088 -0.02231383369594746799 0.02511867952233237666 -0.06975647374240000198 0.39278735937300002234 0.91697989328399998055
0.11218193403972588629 -0.01631328611378396812 0.02770754671558593035 -0.06975647374240000198 0.39278735937300002234 0.91697989328399998055
0.10651925924851582406 -0.01930323612934030028 0.02641355980936585524 -0.06975647374240000198 0.39278735937300002234 0.91697989328399998055
0.10086490298537265087 -0.01629309623149412939 0.02770824202707341394 -0.06975647374240000198 0.39278735937300002234 0.91697989328399998055
0.00000000000000000000 0.00000000000000000000 0.00000000000000000000 0.00000000000000000000 0.00000000000000000000 0.00000000000000000000
0.10652757777658268534 -0.01330314621593779549 0.02900222893329350293 -0.06975647374240000198 0.39278735937300002234 0.91697989328399998055
0.11219111934795363006 -0.01031273853162047172 0.03029641390883949098 -0.06975647374240000198 0.39278735937300002234 0.91697989328399998055
0.11785379413916369229 -0.00732278851606414129 0.03159040081505957304 -0.06975647374240000198 0.39278735937300002234 0.91697989328399998055
0.00000000000000000000 0.00000000000000000000 0.00000000000000000000 0.00000000000000000000 0.00000000000000000000 0.00000000000000000000
0.11784460883093590688 -0.01332333609822763595 0.02900153362180601935 -0.06975647374240000198 0.39278735937300002234 0.91697989328399998055
0.10804849722153059277 0.00319067941761556027 0.03006320457379021982 -0.06975647373759999437 0.73147310892600003740 0.67829280203300001961
0.11370013366558158474 -0.00007694811844816902 0.03030101498111673758 -0.06975647373759999437 0.73147310892600003740 0.67829280203300001961
0.10803778539410077708 -0.00332597843160794193 0.03053882178637491729 -0.06975647373759999437 0.73147310892600003740 0.67829280203300001961
0.10238314895410256800 -0.00005834596433785658 0.03030101137809328160 -0.06975647373759999437 0.73147310892600003740 0.67829280203300001961
0.10237243876607086956 -0.00657400646770136057 0.03077655579955269893 -0.06975647373759999437 0.73147310892600003740 0.67829280203300001961
0.09670709049864284479 -0.00982303184965477999 0.03101436260385575377 -0.06975647373759999437 0.73147310892600003740 0.67829280203300001961
0.00000000000000000000 0.00000000000000000000 0.00000000000000000000 0.00000000000000000000 0.00000000000000000000 0.00000000000000000000
0.09671780068667455710 -0.00330737134629127336 0.03053881818239634338 -0.06975647373759999437 0.73147310892600003740 0.67829280203300001961
0.09672851251410438667 0.00320928650293222885 0.03006320096981164591 -0.06975647373759999437 0.73147310892600003740 0.67829280203300001961
0.09673922270213609897 0.00972494700629573418 0.02958765654835223552 -0.06975647373759999437 0.73147310892600003740 0.67829280203300001961
0.00000000000000000000 0.00000000000000000000 0.00000000000000000000 0.00000000000000000000 0.00000000000000000000 0.00000000000000000000
0.10239385914213426643 0.00645731453902564922 0.02982546695663385733 -0.06975647373759999437 0.73147310892600003740 0.67829280203300001961
0.11224576305053009240 0.02213294176536651989 0.02498345449328685797 -0.06975647374139999635 0.75108640514900004703 0.65650837494400005045
0.11790848487553327872 0.02511414363896762730 0.02367160277854542944 -0.06975647374139999635 0.75108640514900004703 0.65650837494400005045
0.11789943877966882479 0.01913183874621202096 0.02629589017482310970 -0.06975647374139999635 0.75108640514900004703 0.65650837494400005045
0.11223521303883017552 0.01614826012519186491 0.02760878558916972370 -0.06975647374139999635 0.75108640514900004703 0.65650837494400005045
0.11788802349773179479 0.01314761641167237066 0.02892102040818968212 -0.06975647374139999635 0.75108640514900004703 0.65650837494400005045
0.11787747348603187791 0.00716293477149772088 0.03154635150407255478 -0.06975647374139999635 0.75108640514900004703 0.65650837494400005045
0.00000000000000000000 0.00000000000000000000 0.00000000000000000000 0.00000000000000000000 0.00000000000000000000 0.00000000000000000000
0.11222466302713024477 0.01016357848501720645 0.03023411668505259636 -0.06975647374139999635 0.75108640514900004703 0.65650837494400005045
0.10657098729799151238 0.01316468150417171405 0.02892168100351634463 -0.06975647374139999635 0.75108640514900004703 0.65650837494400005045
0.10091817683908989312 0.01616532521769121003 0.02760944618449638621 -0.06975647374139999635 0.75108640514900004703 0.65650837494400005045
0.00000000000000000000 0.00000000000000000000 0.00000000000000000000 0.00000000000000000000 0.00000000000000000000 0.00000000000000000000
0.10658240257992854239 0.01914890383871135915 0.02629655077014977915 -0.06975647374139999635 0.75108640514900004703 0.65650837494400005045
0.10905235318851329296 0.03187138259204974622 0.01487554160280102344 -0.06975647374950000312 0.00000000000254461067 0.99756405025899996808
0.11470574420513583724 0.02965345994276809630 0.01728280709189339293 -0.06975647374950000312 0.00000000000254461067 0.99756405025899996808
0.10904515036890956303 0.02745405069264988951 0.01969013224063663123 -0.06975647374950000312 0.00000000000254461067 0.99756405025899996808
0.10338875935630341407 0.02967197825091134541 0.01728286676736351044 -0.06975647374950000312 0.00000000000254461067 0.99756405025899996808
0.10338155763905958195 0.02525532240475597198 0.02209672055324964079 -0.06975647374950000312 0.00000000000254461067 0.99756405025899996808
0.09771796380684970307 0.02305591806361756771 0.02450404571781213126 -0.06975647374950000312 0.00000000000254461067 0.99756405025899996808
0.00000000000000000000 0.00000000000000000000 0.00000000000000000000 0.00000000000000000000 0.00000000000000000000 0.00000000000000000000
0.09772516552409353519 0.02747257390977294461 0.01969019193192599396 -0.06975647374950000312 0.00000000000254461067 0.99756405025899996808
0.09773236834369726511 0.03188990580917279438 0.01487560129409038964 -0.06975647374950000312 0.00000000000254461067 0.99756405025899996808
0.09773957006094112498 0.03630656165532817475 0.01006174750820425234 -0.06975647374950000312 0.00000000000254461067 0.99756405025899996808
0.00000000000000000000 0.00000000000000000000 0.00000000000000000000 0.00000000000000000000 0.00000000000000000000 0.00000000000000000000
0.10339596107354723231 0.03408863409706672926 0.01246901298147737314 -0.06975647374950000312 0.00000000000254461067 0.99756405025899996808
0.08411000557894464380 0.03375650061568073040 0.01056669724069154992 -0.06975647374189999916 0.41860295859199997404 0.90548638721300001020
0.08977129378225859324 0.03588362301922425751 0.00809685834728948034 -0.06975647374189999916 0.41860295859199997404 0.90548638721300001020
0.08976511568472830827 0.03160992875777059868 0.01303755032217811596 -0.06975647374189999916 0.41860295859199997404 0.90548638721300001020
0.08410232470618875245 0.02948110912513082077 0.01550935417868827201 -0.06975647374189999916 0.41860295859199997404 0.90548638721300001020
0.08975656932221028061 0.02733486579061492755 0.01797982910696372186 -0.06975647374189999916 0.41860295859199997404 0.90548638721300001020
0.08974888844945438926 0.02305947430006501445 0.02292248604496044395 -0.06975647374189999916 0.41860295859199997404 0.90548638721300001020
0.00000000000000000000 0.00000000000000000000 0.00000000000000000000 0.00000000000000000000 0.00000000000000000000 0.00000000000000000000
0.08409464383343287497 0.02520571763458091460 0.02045201111668499064 -0.06975647374189999916 0.41860295859199997404 0.90548638721300001020
0.07843953372764919663 0.02735228949249104285 0.01798115803519842459 -0.06975647374189999916 0.41860295859199997404 0.90548638721300001020
0.07278528911162765458 0.02949853282700693954 0.01551068310692297475 -0.06975647374189999916 0.41860295859199997404 0.90548638721300001020
0.00000000000000000000 0.00000000000000000000 0.00000000000000000000 0.00000000000000000000 0.00000000000000000000 0.00000000000000000000
0.07844808009016721040 0.03162735245964672093 0.01303887925041282217 -0.06975647374189999916 0.41860295859199997404 0.90548638721300001020
0.06801608468711867195 0.01910214891051557548 0.02329034142912699001 -0.06975647374500000553 0.43279571678399997303 0.89878913094500001435
0.06802653674554658136 0.02500886354963916675 0.02050008141858358085 -0.06975647374500000553 0.43279571678399997303 0.89878913094500001435
0.07367951167746247809 0.02204688738950578986 0.02189489669163301871 -0.06975647374500000553 0.43279571678399997303 0.89878913094500001435
0.07367055578030559659 0.01613782114419537797 0.02468626640925180443 -0.06975647374500000553 0.43279571678399997303 0.89878913094500001435
0.07933311600802463170 0.01908210894389587853 0.02329103523844553575 -0.06975647374500000553 0.43279571678399997303 0.89878913094500001435
0.08498758710121157023 0.01611778117757568102 0.02468696021857034323 -0.06975647374500000553 0.43279571678399997303 0.89878913094500001435
0.00000000000000000000 0.00000000000000000000 0.00000000000000000000 0.00000000000000000000 0.00000000000000000000 0.00000000000000000000
0.07932502687349252124 0.01317349337787517352 0.02608219138937661191 -0.06975647374500000553 0.43279571678399997303 0.89878913094500001435
0.07366159988314872897 0.01022875489888496088 0.02747763612687058321 -0.06975647374500000553 0.43279571678399997303 0.89878913094500001435
0.06799903965542969386 0.00728446709918445859 0.02887286729767685883 -0.06975647374500000553 0.43279571678399997303 0.89878913094500001435
0.00000000000000000000 0.00000000000000000000 0.00000000000000000000 0.00000000000000000000 0.00000000000000000000 0.00000000000000000000
0.06800799555258657536 0.01319353334449487568 0.02608149758005807312 -0.06975647374500000553 0.43279571678399997303 0.89878913094500001435
0.05437311820771005555 0.02199239597712755387 0.02032853538860287385 -0.06975647374950000312 0.00000000000254727891 0.99756405025899996808
0.06003571000406468516 0.02491385272168893453 0.01888802067589974779 -0.06975647374950000312 0.00000000000254727891 0.99756405025899996808
0.06002692418599672730 0.01905116411136787910 0.02176964227975628635 -0.06975647374950000312 0.00000000000254727891 0.99756405025899996808
0.05436282857729959894 0.01612737817853845956 0.02321130304239308467 -0.06975647374950000312 0.00000000000254727891 0.99756405025899996808
0.06001576926541510315 0.01318659645539674644 0.02465218937846673508 -0.06975647374950000312 0.00000000000254727891 0.99756405025899996808
0.06000547963500463267 0.00732157865680764519 0.02753495703225693897 -0.06975647374950000312 0.00000000000254727891 0.99756405025899996808
0.00000000000000000000 0.00000000000000000000 0.00000000000000000000 0.00000000000000000000 0.00000000000000000000 0.00000000000000000000
0.05435253894688912846 0.01026236037994935832 0.02609407069618330244 -0.06975647374950000312 0.00000000000254727891 0.99756405025899996808
0.04869873296860245671 0.01320359224570903309 0.02465296380502989687 -0.06975647374950000312 0.00000000000254727891 0.99756405025899996808
0.04304579228048693862 0.01614437396885074968 0.02321207746895625340 -0.06975647374950000312 0.00000000000254727891 0.99756405025899996808
0.00000000000000000000 0.00000000000000000000 0.00000000000000000000 0.00000000000000000000 0.00000000000000000000 0.00000000000000000000
0.04870988788918408086 0.01906815990168017616 0.02177041670631944814 -0.06975647374950000312 0.00000000000254727891 0.99756405025899996808
0.03875302117825474291 0.00329328022640747609 0.02600903302185211124 -0.06975647374710000626 -0.43279571677599998347 0.89878913094799994798
0.03876450371895333313 0.00980854621872876906 0.02553351730122790930 -0.06975647374710000626 -0.43279571677599998347 0.89878913094799994798
0.04441696348083137152 0.00654233555946011000 0.02577122419980144852 -0.06975647374710000626 -0.43279571677599998347 0.89878913094799994798
0.04440697669156140615 0.00002447592828829777 0.02624692903725944770 -0.06975647374710000626 -0.43279571677599998347 0.89878913094799994798
0.05007005215264698217 0.00327303400769338648 0.02600915661080444724 -0.06975647374710000626 -0.43279571677599998347 0.89878913094799994798
0.05572400766595365929 0.00000422970957420804 0.02624705262621177676 -0.06975647374710000626 -0.43279571677599998347 0.89878913094799994798
0.00000000000000000000 0.00000000000000000000 0.00000000000000000000 0.00000000000000000000 0.00000000000000000000 0.00000000000000000000
0.05006093220486808326 -0.00324432836983088065 0.02648482505266677722 -0.06975647374710000626 -0.43279571677599998347 0.89878913094799994798
0.04439698990229144770 -0.00649338370288351369 0.02672263387471743995 -0.06975647374710000626 -0.43279571677599998347 0.89878913094799994798
0.03873391444120587168 -0.00974194178228860244 0.02696040630117243347 -0.06975647374710000626 -0.43279571677599998347 0.89878913094799994798
0.00000000000000000000 0.00000000000000000000 0.00000000000000000000 0.00000000000000000000 0.00000000000000000000 0.00000000000000000000
0.03874390123047583012 -0.00322408215111679147 0.02648470146371443429 -0.06975647374710000626 -0.43279571677599998347 0.89878913094799994798
0.04915375587150807440 -0.01906321644667860124 0.02133341535660290139 -0.06975647374950000312 -0.41860295859399998530 0.90548638721200003232
0.04350136926330782500 -0.01611378539892054443 0.02275690407308759294 -0.06975647374950000312 -0.41860295859399998530 0.90548638721200003232
0.04916296877375053026 -0.01318207741955892444 0.02418039179944925232 -0.06975647374950000312 -0.41860295859399998530 0.90548638721200003232
0.05481835537827002558 -0.01613151316673409191 0.02275690308270202772 -0.06975647374950000312 -0.41860295859399998530 0.90548638721200003232
0.05482756687051826283 -0.01025127422211014397 0.02560344380830888861 -0.06975647374950000312 -0.41860295859399998530 0.90548638721200003232
0.06049216637728020013 -0.00731957094216563464 0.02702693153440800800 -0.06975647374950000312 -0.41860295859399998530 0.90548638721200003232
0.00000000000000000000 0.00000000000000000000 0.00000000000000000000 0.00000000000000000000 0.00000000000000000000 0.00000000000000000000
0.06048295488503196982 -0.01319980988678958259 0.02418039080880114711 -0.06975647374950000312 -0.41860295859399998530 0.90548638721200003232
0.06047374198278951396 -0.01908094891390926112 0.02133341436595479618 -0.06975647374950000312 -0.41860295859399998530 0.90548638721200003232
0.06046453049054129059 -0.02496118785853320907 0.01848687364034793529 -0.06975647374950000312 -0.41860295859399998530 0.90548638721200003232
0.00000000000000000000 0.00000000000000000000 0.00000000000000000000 0.00000000000000000000 0.00000000000000000000 0.00000000000000000000
0.05480914388602179527 -0.02201175211135803986 0.01991036235709516336 -0.06975647374950000312 -0.41860295859399998530 0.90548638721200003232
0.04625539378343000718 -0.03299089178923456100 0.00759075178153148684 -0.06975647373990000177 -0.75108640515100000279 0.65650837494199998368
0.04059433927777303386 -0.03497479209901668828 0.00500395077549580132 -0.06975647373990000177 -0.75108640515100000279 0.65650837494199998368
0.04060004985661300192 -0.03098761755676993079 0.01017863381496292123 -0.06975647373990000177 -0.75108640515100000279 0.65650837494199998368
0.04626260695156231284 -0.02900213396746190164 0.01276749284222333282 -0.06975647373990000177 -0.75108640515100000279 0.65650837494199998368
0.04060812855029272139 -0.02699916632731934676 0.01535497881167658361 -0.06975647373990000177 -0.75108640515100000279 0.65650837494199998368
0.04061534171842502705 -0.02301040850554669087 0.02053171987236843132 -0.06975647373990000177 -0.75108640515100000279 0.65650837494199998368
0.00000000000000000000 0.00000000000000000000 0.00000000000000000000 0.00000000000000000000 0.00000000000000000000 0.00000000000000000000
0.04626982011969461850 -0.02501337614568923881 0.01794423390291517706 -0.06975647373990000177 -0.75108640515100000279 0.65650837494199998368
0.05192516404651162376 -0.02701665037815387249 0.01535635186948374094 -0.06975647373990000177 -0.75108640515100000279 0.65650837494199998368
0.05757964244778121521 -0.02901961801829642043 0.01276886590003048320 -0.06975647373990000177 -0.75108640515100000279 0.65650837494199998368
0.00000000000000000000 0.00000000000000000000 0.00000000000000000000 0.00000000000000000000 0.00000000000000000000 0.00000000000000000000
0.05191708535283190429 -0.03100510160760444958 0.01018000687277007509 -0.06975647373990000177 -0.75108640515100000279 0.65650837494199998368
0.08009260182076349821 -0.01324630723642439625 0.02542737737920834629 -0.06975647374469999551 -0.73147310891700001445 0.67829280204200004256
0.08574504687354084220 -0.01621708292325322806 0.02404922835102618617 -0.06975647374469999551 -0.73147310891700001445 0.67829280204200004256
0.08008350525420927790 -0.01917049246053943376 0.02267109316257646251 -0.06975647374469999551 -0.73147310891700001445 0.67829280204200004256
0.07442806020496590957 -0.01619971216893346250 0.02404924219442836075 -0.06975647374469999551 -0.73147310891700001445 0.67829280204200004256
0.07441896503060124735 -0.02212299072252138857 0.02129337981498910515 -0.06975647374469999551 -0.73147310891700001445 0.67829280204200004256
0.06875442341480367259 -0.02507639565503045134 0.01991524463020910921 -0.06975647374469999551 -0.73147310891700001445 0.67829280204200004256
0.00000000000000000000 0.00000000000000000000 0.00000000000000000000 0.00000000000000000000 0.00000000000000000000 0.00000000000000000000
0.06876351858916834869 -0.01915311710144252180 0.02267110700964837522 -0.06975647374469999551 -0.73147310891700001445 0.67829280204200004256
0.06877261515572255512 -0.01322893187732748603 0.02542739122628025206 -0.06975647374469999551 -0.73147310891700001445 0.67829280204200004256
0.06878171033008720348 -0.00730565332373955822 0.02818325360571950766 -0.06975647374469999551 -0.73147310891700001445 0.67829280204200004256
0.00000000000000000000 0.00000000000000000000 0.00000000000000000000 0.00000000000000000000 0.00000000000000000000 0.00000000000000000000
0.07443715537933057180 -0.01027643361534553122 0.02680510457386761636 -0.06975647374469999551 -0.73147310891700001445 0.67829280204200004256
0.08871559374908370710 -0.00329956232779826490 0.02918781950135076325 -0.06975647374729999906 -0.79092841975399996723 0.60791962395999998847
0.08870409521138020170 -0.00981482829191724325 0.02966333522183064314 -0.06975647374729999906 -0.79092841975399996723 0.60791962395999998847
0.08305164346896172500 -0.00654860382771676325 0.02942562731474961113 -0.06975647374729999906 -0.79092841975399996723 0.60791962395999998847
0.08306164626160476849 -0.00003074422109425480 0.02894992247716854372 -0.06975647374729999906 -0.79092841975399996723 0.60791962395999998847
0.07739856282419478595 -0.00327928846948231066 0.02918769389512609891 -0.06975647374729999906 -0.79092841975399996723 0.60791962395999998847
0.07174461533671586122 -0.00001047036277830063 0.02894979687094387938 -0.06975647374729999906 -0.79092841975399996723 0.60791962395999998847
0.00000000000000000000 0.00000000000000000000 0.00000000000000000000 0.00000000000000000000 0.00000000000000000000 0.00000000000000000000
0.07740769877412584377 0.00323807388560975453 0.02871202545298632419 -0.06975647374729999906 -0.79092841975399996723 0.60791962395999998847
0.08307164905424783974 0.00648711538552825418 0.02847421763958748325 -0.06975647374729999906 -0.79092841975399996723 0.60791962395999998847
0.08873473249165780841 0.00973565963391630727 0.02823644622162992807 -0.06975647374729999906 -0.79092841975399996723 0.60791962395999998847
0.00000000000000000000 0.00000000000000000000 0.00000000000000000000 0.00000000000000000000 0.00000000000000000000 0.00000000000000000000
0.08872472969901476492 0.00321780002729380116 0.02871215105921099547 -0.06975647374729999906 -0.79092841975399996723 0.60791962395999998847
0.05071205826841242159 -0.03719950196261975761 -0.00505411972945058949 -0.06975647375309999842 -0.97286880527700003718 0.22059084770099998685
0.04505626417924336879 -0.03645985655751100146 -0.00186980569097668949 -0.06975647375309999842 -0.97286880527700003718 0.22059084770099998685
0.05071445485099287942 -0.03573878074314407183 0.00131450993283669000 -0.06975647375309999842 -0.97286880527700003718 0.22059084770099998685
0.05637324893612115362 -0.03647843107213228492 -0.00186980410521683967 -0.06975647375309999842 -0.97286880527700003718 0.22059084770099998685
0.05637564515191516301 -0.03501793340962314899 0.00449785086627425487 -0.06975647375309999842 -0.97286880527700003718 0.22059084770099998685
0.06203683581962389504 -0.03429686251913567629 0.00768216649050799949 -0.06975647375309999842 -0.97286880527700003718 0.22059084770099998685
0.00000000000000000000 0.00000000000000000000 0.00000000000000000000 0.00000000000000000000 0.00000000000000000000 0.00000000000000000000
0.06203443960382988565 -0.03575736018164480529 0.00131451151901691189 -0.06975647375309999842 -0.97286880527700003718 0.22059084770099998685
0.06203204302124944169 -0.03721808140112049801 -0.00505411814327036673 -0.06975647375309999842 -0.97286880527700003718 0.22059084770099998685
0.06202964680545543230 -0.03867857906362963394 -0.01142177311476146387 -0.06975647375309999842 -0.97286880527700003718 0.22059084770099998685
0.00000000000000000000 0.00000000000000000000 0.00000000000000000000 0.00000000000000000000 0.00000000000000000000 0.00000000000000000000
0.05637085272032714423 -0.03793892873464142085 -0.00823745907670793420 -0.06975647375309999842 -0.97286880527700003718 0.22059084770099998685
0.07560268877743429872 -0.03912989679813467375 -0.00610125524567137808 -0.06975647375210000667 -0.96142644723899994830 0.26606995493500001926
0.06994344205563293726 -0.03999905840483743841 -0.00924647743865146705 -0.06975647375210000667 -0.96142644723899994830 0.26606995493500001926
0.06994553639016355684 -0.03824177911681925224 -0.00295466505129715357 -0.06975647375210000667 -0.96142644723899994830 0.26606995493500001926
0.07560628426303166172 -0.03737192108774737426 0.00019305944889002301 -0.06975647375210000667 -0.96142644723899994830 0.26606995493500001926
0.06994999767808526836 -0.03648393932894210961 0.00333916807145610492 -0.06975647375210000667 -0.96142644723899994830 0.26606995493500001926
0.06995359316368261748 -0.03472596361855480318 0.00963348276601750861 -0.06975647375210000667 -0.96142644723899994830 0.26606995493500001926
0.00000000000000000000 0.00000000000000000000 0.00000000000000000000 0.00000000000000000000 0.00000000000000000000 0.00000000000000000000
0.07560987974862901084 -0.03561394537736007476 0.00648737414345142496 -0.06975647375210000667 -0.96142644723899994830 0.26606995493500001926
0.08126703213589975272 -0.03650206305867549628 0.00334078394907720046 -0.06975647375210000667 -0.96142644723899994830 0.26606995493500001926
0.08692331872084611832 -0.03739004481748076786 0.00019467532651111855 -0.06975647375210000667 -0.96142644723899994830 0.26606995493500001926
0.00000000000000000000 0.00000000000000000000 0.00000000000000000000 0.00000000000000000000 0.00000000000000000000 0.00000000000000000000
0.08126257084797804120 -0.03825990284655264584 -0.00295304917367605804 -0.06975647375210000667 -0.96142644723899994830 0.26606995493500001926
0.00000000000000000000 0.00000000000000000000 0.00000000000000000000 0.00000000000000000000 0.00000000000000000000 0.00000000000000000000
0.00000000000000000000 0.00000000000000000000 0.00000000000000000000 0.00000000000000000000 0.00000000000000000000 0.00000000000000000000
0.00000000000000000000 0.00000000000000000000 0.00000000000000000000 0.00000000000000000000 0.00000000000000000000 0.00000000000000000000
0.00000000000000000000 0.00000000000000000000 0.00000000000000000000 0.00000000000000000000 0.00000000000000000000 0.00000000000000000000
0.00000000000000000000 0.00000000000000000000 0.00000000000000000000 0.00000000000000000000 0.00000000000000000000 0.00000000000000000000
0.00000000000000000000 0.00000000000000000000 0.00000000000000000000 0.00000000000000000000 0.00000000000000000000 0.00000000000000000000
0.00000000000000000000 0.00000000000000000000 0.00000000000000000000 0.00000000000000000000 0.00000000000000000000 0.00000000000000000000
0.00000000000000000000 0.00000000000000000000 0.00000000000000000000 0.00000000000000000000 0.00000000000000000000 0.00000000000000000000
0.00000000000000000000 0.00000000000000000000 0.00000000000000000000 0.00000000000000000000 0.00000000000000000000 0.00000000000000000000
0.00000000000000000000 0.00000000000000000000 0.00000000000000000000 0.00000000000000000000 0.00000000000000000000 0.00000000000000000000
0.00000000000000000000 0.00000000000000000000 0.00000000000000000000 0.00000000000000000000 0.00000000000000000000 0.00000000000000000000
0.00000000000000000000 0.00000000000000000000 0.00000000000000000000 0.00000000000000000000 0.00000000000000000000 0.00000000000000000000
0.00000000000000000000 0.00000000000000000000 0.00000000000000000000 0.00000000000000000000 0.00000000000000000000 0.00000000000000000000
0.00000000000000000000 0.00000000000000000000 0.00000000000000000000 0.00000000000000000000 0.00000000000000000000 0.00000000000000000000
0.00000000000000000000 0.00000000000000000000 0.00000000000000000000 0.00000000000000000000 0.00000000000000000000 0.00000000000000000000
0.00000000000000000000 0.00000000000000000000 0.00000000000000000000 0.00000000000000000000 0.00000000000000000000 0.00000000000000000000
0.00000000000000000000 0.00000000000000000000 0.00000000000000000000 0.00000000000000000000 0.00000000000000000000 0.00000000000000000000
0.00000000000000000000 0.00000000000000000000 0.00000000000000000000 0.00000000000000000000 0.00000000000000000000 0.00000000000000000000
0.00000000000000000000 0.00000000000000000000 0.00000000000000000000 0.00000000000000000000 0.00000000000000000000 0.00000000000000000000
0.00000000000000000000 0.00000000000000000000 0.00000000000000000000 0.00000000000000000000 0.00000000000000000000 0.00000000000000000000
0.00000000000000000000 0.00000000000000000000 0.00000000000000000000 0.00000000000000000000 0.00000000000000000000 0.00000000000000000000
0.00000000000000000000 0.00000000000000000000 0.00000000000000000000 0.00000000000000000000 0.00000000000000000000 0.00000000000000000000
0.00000000000000000000 0.00000000000000000000 0.00000000000000000000 0.00000000000000000000 0.00000000000000000000 0.00000000000000000000
0.00000000000000000000 0.00000000000000000000 0.00000000000000000000 0.00000000000000000000 0.00000000000000000000 0.00000000000000000000
0.00000000000000000000 0.00000000000000000000 0.00000000000000000000 0.00000000000000000000 0.00000000000000000000 0.00000000000000000000
0.00000000000000000000 0.00000000000000000000 0.00000000000000000000 0.00000000000000000000 0.00000000000000000000 0.00000000000000000000
0.00000000000000000000 0.00000000000000000000 0.00000000000000000000 0.00000000000000000000 0.00000000000000000000 0.00000000000000000000
0.00000000000000000000 0.00000000000000000000 0.00000000000000000000 0.00000000000000000000 0.00000000000000000000 0.00000000000000000000
0.00000000000000000000 0.00000000000000000000 0.00000000000000000000 0.00000000000000000000 0.00000000000000000000 0.00000000000000000000
0.00000000000000000000 0.00000000000000000000 0.00000000000000000000 0.00000000000000000000 0.00000000000000000000 0.00000000000000000000
0.00000000000000000000 0.00000000000000000000 0.00000000000000000000 0.00000000000000000000 0.00000000000000000000 0.00000000000000000000
0.00000000000000000000 0.00000000000000000000 0.00000000000000000000 0.00000000000000000000 0.00000000000000000000 0.00000000000000000000
0.00000000000000000000 0.00000000000000000000 0.00000000000000000000 0.00000000000000000000 0.00000000000000000000 0.00000000000000000000
0.00000000000000000000 0.00000000000000000000 0.00000000000000000000 0.00000000000000000000 0.00000000000000000000 0.00000000000000000000
0.00000000000000000000 0.00000000000000000000 0.00000000000000000000 0.00000000000000000000 0.00000000000000000000 0.00000000000000000000
0.00000000000000000000 0.00000000000000000000 0.00000000000000000000 0.00000000000000000000 0.00000000000000000000 0.00000000000000000000
0.07139995016079991874 0.01481691553635808810 -0.03959013914983695176 -0.06975647375299999509 -0.24926685237999998690 -0.96591928786699998710
0.06814086968347651818 0.02029041435801038837 -0.03814302371155967736 -0.06975647375299999509 -0.24926685237999998690 -0.96591928786699998710
0.06486595700341399318 0.01482637170814890895 -0.03959013215893340820 -0.06975647375299999509 -0.24926685237999998690 -0.96591928786699998710
0.06812503328269883807 0.00934997270756656590 -0.04103801502443862881 -0.06975647375299999509 -0.24926685237999998690 -0.96591928786699998710
0.06159204012426566094 0.00935942743213183208 -0.04103800803460501412 -0.06975647375299999509 -0.24926685237999998690 -0.96591928786699998710
0.05831712324616456639 0.00389248460334030771 -0.04248588390920668423 -0.06975647375299999509 -0.24926685237999998690 -0.96591928786699998710
0.00000000000000000000 0.00000000000000000000 0.00000000000000000000 0.00000000000000000000 0.00000000000000000000 0.00000000000000000000
0.06485011640459772964 0.00388302987877504370 -0.04248589089904029892 -0.06975647375299999509 -0.24926685237999998690 -0.96591928786699998710
0.07138410956198366908 0.00387357370698422285 -0.04248589788994385635 -0.06975647375299999509 -0.24926685237999998690 -0.96591928786699998710
0.07791710272041682539 0.00386411898241895840 -0.04248590487977747104 -0.06975647375299999509 -0.24926685237999998690 -0.96591928786699998710
0.00000000000000000000 0.00000000000000000000 0.00000000000000000000 0.00000000000000000000 0.00000000000000000000 0.00000000000000000000
0.07465802644113199438 0.00934051798300130146 -0.04103802201427225044 -0.06975647375299999509 -0.24926685237999998690 -0.96591928786699998710
0.07538221577145493013 -0.00979064470288513490 -0.04163345747389755186 -0.06975647375299999509 -0.49731582650900002518 -0.86476066230699999426
0.07865705277543547091 -0.00433537299372312689 -0.04311345449300818533 -0.06975647375299999509 -0.49731582650900002518 -0.86476066230699999426
0.07212445771915089454 -0.00432355005479613703 -0.04311367522189437501 -0.06975647375299999509 -0.49731582650900002518 -0.86476066230699999426
0.06884702019403010631 -0.00978026513909609208 -0.04163328582794983967 -0.06975647375299999509 -0.49731582650900002518 -0.86476066230699999426
0.06558976072728654738 -0.00431400720582926674 -0.04311327703512204956 -0.06975647375299999509 -0.49731582650900002518 -0.86476066230699999426
0.05905456514986170968 -0.00430362764204022218 -0.04311310538917433738 -0.06975647375299999509 -0.49731582650900002518 -0.86476066230699999426
0.00000000000000000000 0.00000000000000000000 0.00000000000000000000 0.00000000000000000000 0.00000000000000000000 0.00000000000000000000
0.06231182461660525473 -0.00976988557530704578 -0.04163311418200213443 -0.06975647375299999509 -0.49731582650900002518 -0.86476066230699999426
0.06556958266890930420 -0.01523698022339604365 -0.04015289643400531128 -0.06975647375299999509 -0.49731582650900002518 -0.86476066230699999426
0.06882684213565284925 -0.02070323815666287245 -0.03867290522683310139 -0.06975647375299999509 -0.49731582650900002518 -0.86476066230699999426
0.00000000000000000000 0.00000000000000000000 0.00000000000000000000 0.00000000000000000000 0.00000000000000000000 0.00000000000000000000
0.07210427966077365136 -0.01524652307236291394 -0.04015329462077762979 -0.06975647375299999509 -0.49731582650900002518 -0.86476066230699999426
0.05577200369191047391 -0.01380065308559182309 -0.03885599794358837733 -0.06975647374580000448 -0.86156942754599996626 -0.50282417989700001204
0.05251283375346900428 -0.00891193387372483242 -0.04171137423750867490 -0.06975647374580000448 -0.86156942754599996626 -0.50282417989700001204
0.04923801207409045366 -0.01379018703615974943 -0.03885600612613214488 -0.06975647374580000448 -0.86156942754599996626 -0.50282417989700001204
0.05249717786234429917 -0.01868149604094904159 -0.03599911558144149037 -0.06975647374580000448 -0.86156942754599996626 -0.50282417989700001204
0.04596418624324141722 -0.01867103159329986523 -0.03599912376273294023 -0.06975647374580000448 -0.86156942754599996626 -0.50282417989700001204
0.04268936041367524248 -0.02355187454865707852 -0.03314224140058604634 -0.06975647374580000448 -0.86156942754599996626 -0.50282417989700001204
0.00000000000000000000 0.00000000000000000000 0.00000000000000000000 0.00000000000000000000 0.00000000000000000000 0.00000000000000000000
0.04922235203277812443 -0.02356233899630626183 -0.03314223321929458954 -0.06975647374580000448 -0.86156942754599996626 -0.50282417989700001204
0.05575634365059814468 -0.02357280504573833549 -0.03314222503675082199 -0.06975647374580000448 -0.86156942754599996626 -0.50282417989700001204
0.06228933526970102663 -0.02358326949338751533 -0.03314221685545937213 -0.06975647374580000448 -0.86156942754599996626 -0.50282417989700001204
0.00000000000000000000 0.00000000000000000000 0.00000000000000000000 0.00000000000000000000 0.00000000000000000000 0.00000000000000000000
0.05903016948144718112 -0.01869196048859822490 -0.03599910740015002664 -0.06975647374580000448 -0.86156942754599996626 -0.50282417989700001204
0.05002531638154003590 0.02323573540319437414 -0.03240341153777769045 -0.06975647374689999958 -0.26558335636100000032 -0.96156097840700005541
0.04349271820566123770 0.02324568076787130941 -0.03240381431120160916 -0.06975647374689999958 -0.26558335636100000032 -0.96156097840700005541
0.04675033459266533797 0.01833893257607673369 -0.03522988855959688359 -0.06975647374689999958 -0.26558335636100000032 -0.96156097840700005541
0.05328552872432358589 0.01832768350973199706 -0.03523023503616633939 -0.06975647374689999958 -0.26558335636100000032 -0.96156097840700005541
0.05001104815702661632 0.01343163011677829012 -0.03805627947809238354 -0.06975647374689999958 -0.26558335636100000032 -0.96156097840700005541
0.05327126049981018019 0.00852357822331591998 -0.04088310297648102554 -0.06975647374689999958 -0.26558335636100000032 -0.96156097840700005541
0.00000000000000000000 0.00000000000000000000 0.00000000000000000000 0.00000000000000000000 0.00000000000000000000 0.00000000000000000000
0.05654574106710713588 0.01341963161626962518 -0.03805705853455498139 -0.06975647374689999958 -0.26558335636100000032 -0.96156097840700005541
0.05982072285598183381 0.01831643444338725696 -0.03523058151273578825 -0.06975647374689999958 -0.26558335636100000032 -0.96156097840700005541
0.06309520342327880338 0.02321248783634096216 -0.03240453707080975104 -0.06975647374689999958 -0.26558335636100000032 -0.96156097840700005541
0.00000000000000000000 0.00000000000000000000 0.00000000000000000000 0.00000000000000000000 0.00000000000000000000 0.00000000000000000000
0.05656000929162055546 0.02322373690268570226 -0.03240419059424029524 -0.06975647374689999958 -0.26558335636100000032 -0.96156097840700005541
0.04615529601897822021 0.03199536643832338184 -0.02241929677945649069 -0.06975647373839999332 0.26558335635899998906 -0.96156097840800003329
0.04288493855357018020 0.02914054281202257610 -0.02730086231841678465 -0.06975647373839999332 0.26558335635899998906 -0.96156097840800003329
0.04941753451083240323 0.02912924689706182860 -0.02730154163172103521 -0.06975647373839999332 0.26558335635899998906 -0.96156097840800003329
0.05269049130983315815 0.03198482450808368821 -0.02241868188570073084 -0.06975647373839999332 0.26558335635899998906 -0.96156097840800003329
0.05595223053041524508 0.02911914361382875877 -0.02730017953183545495 -0.06975647373839999332 0.26558335635899998906 -0.96156097840800003329
0.06248742582127017609 0.02910860168358907207 -0.02729956463807969164 -0.06975647373839999332 0.26558335635899998906 -0.96156097840800003329
0.00000000000000000000 0.00000000000000000000 0.00000000000000000000 0.00000000000000000000 0.00000000000000000000 0.00000000000000000000
0.05922568660068808222 0.03197428257784399458 -0.02241806699194497099 -0.06975647373839999332 0.26558335635899998906 -0.96156097840800003329
0.05596344810883390614 0.03484040211910555129 -0.01753582213968042994 -0.06975647373839999332 0.26558335635899998906 -0.96156097840800003329
0.05270170888825180533 0.03770608301336048074 -0.01265432449354570929 -0.06975647373839999332 0.26558335635899998906 -0.96156097840800003329
0.00000000000000000000 0.00000000000000000000 0.00000000000000000000 0.00000000000000000000 0.00000000000000000000 0.00000000000000000000
0.04942875208925106428 0.03485050540233861766 -0.01753718423956601366 -0.06975647373839999332 0.26558335635899998906 -0.96156097840800003329
0.00000000000000000000 0.00000000000000000000 0.00000000000000000000 0.00000000000000000000 0.00000000000000000000 0.00000000000000000000
0.00000000000000000000 0.00000000000000000000 0.00000000000000000000 0.00000000000000000000 0.00000000000000000000 0.00000000000000000000
0.00000000000000000000 0.00000000000000000000 0.00000000000000000000 0.00000000000000000000 0.00000000000000000000 0.00000000000000000000
0.00000000000000000000 0.00000000000000000000 0.00000000000000000000 0.00000000000000000000 0.00000000000000000000 0.00000000000000000000
0.00000000000000000000 0.00000000000000000000 0.00000000000000000000 0.00000000000000000000 0.00000000000000000000 0.00000000000000000000
0.00000000000000000000 0.00000000000000000000 0.00000000000000000000 0.00000000000000000000 0.00000000000000000000 0.00000000000000000000
0.00000000000000000000 0.00000000000000000000 0.00000000000000000000 0.00000000000000000000 0.00000000000000000000 0.00000000000000000000
0.00000000000000000000 0.00000000000000000000 0.00000000000000000000 0.00000000000000000000 0.00000000000000000000 0.00000000000000000000
0.00000000000000000000 0.00000000000000000000 0.00000000000000000000 0.00000000000000000000 0.00000000000000000000 0.00000000000000000000
0.00000000000000000000 0.00000000000000000000 0.00000000000000000000 0.00000000000000000000 0.00000000000000000000 0.00000000000000000000
0.00000000000000000000 0.00000000000000000000 0.00000000000000000000 0.00000000000000000000 0.00000000000000000000 0.00000000000000000000
0.00000000000000000000 0.00000000000000000000 0.00000000000000000000 0.00000000000000000000 0.00000000000000000000 0.00000000000000000000
0.03832179705804584363 0.01485630980768738903 -0.03619129849502807778 -0.06975647374450000271 0.24926685238400000943 -0.96591928786699998710
0.03506208638925917276 0.02030507046440508875 -0.03465499394787488474 -0.06975647374450000271 0.24926685238400000943 -0.96591928786699998710
0.03178780290614902776 0.01486505182636388769 -0.03619128913109862650 -0.06975647374450000271 0.24926685238400000943 -0.96591928786699998710
0.03504750971083432642 0.00941340392040769698 -0.03772840840329966250 -0.06975647374450000271 0.24926685238400000943 -0.96591928786699998710
0.02851451555804248444 0.00942214460115663698 -0.03772839904080332180 -0.06975647374450000271 0.24926685238400000943 -0.96591928786699998710
0.02524022821083096724 0.00397923871387694320 -0.03926550894907489264 -0.06975647374450000271 0.24926685238400000943 -0.96591928786699998710
0.00000000000000000000 0.00000000000000000000 0.00000000000000000000 0.00000000000000000000 0.00000000000000000000 0.00000000000000000000
0.03177322236362281616 0.00397049803312800407 -0.03926551831157124722 -0.06975647374450000271 0.24926685238400000943 -0.96591928786699998710
0.03830721651551963203 0.00396175601445150453 -0.03926552767550069850 -0.06975647374450000271 0.24926685238400000943 -0.96591928786699998710
0.04484021066831146707 0.00395301533370256454 -0.03926553703799704614 -0.06975647374450000271 0.24926685238400000943 -0.96591928786699998710
0.00000000000000000000 0.00000000000000000000 0.00000000000000000000 0.00000000000000000000 0.00000000000000000000 0.00000000000000000000
0.04158050386362616840 0.00940466323965875699 -0.03772841776579601014 -0.06975647374450000271 0.24926685238400000943 -0.96591928786699998710
0.04224370755482671075 -0.00972582361220887710 -0.03760194648842152265 -0.06975647374089999353 0.49731582651000000306 -0.86476066230699999426
0.04551717725781470603 -0.00429494902355965786 -0.03917195773232516609 -0.06975647374089999353 0.49731582651000000306 -0.86476066230699999426
0.03898457950816141410 -0.00428472216485287910 -0.03917218704802381130 -0.06975647374089999353 0.49731582651000000306 -0.86476066230699999426
0.03570850964587007903 -0.00971703408275698642 -0.03760175956355232135 -0.06975647374089999353 0.49731582651000000306 -0.86476066230699999426
0.03244988039443690714 -0.00427676537207796661 -0.03917175980473410618 -0.06975647374089999353 0.49731582651000000306 -0.86476066230699999426
0.02591468248548026848 -0.00426797584262607853 -0.03917157287986490488 -0.06975647374089999353 0.49731582651000000306 -0.86476066230699999426
0.00000000000000000000 0.00000000000000000000 0.00000000000000000000 0.00000000000000000000 0.00000000000000000000 0.00000000000000000000
0.02917331173691345078 -0.00970824455330509747 -0.03760157263868312005 -0.06975647374089999353 0.49731582651000000306 -0.86476066230699999426
0.03243243978357875090 -0.01514934600066109548 -0.03603133207908082447 -0.06975647374089999353 0.49731582651000000306 -0.86476066230699999426
0.03569106903501192973 -0.02058961471134011442 -0.03446133183789904658 -0.06975647374089999353 0.49731582651000000306 -0.86476066230699999426
0.00000000000000000000 0.00000000000000000000 0.00000000000000000000 0.00000000000000000000 0.00000000000000000000 0.00000000000000000000
0.03896713889730326480 -0.01515730279343600884 -0.03603175932237052959 -0.06975647374089999353 0.49731582651000000306 -0.86476066230699999426
0.00000000000000000000 0.00000000000000000000 0.00000000000000000000 0.00000000000000000000 0.00000000000000000000 0.00000000000000000000
0.00000000000000000000 0.00000000000000000000 0.00000000000000000000 0.00000000000000000000 0.00000000000000000000 0.00000000000000000000
0.00000000000000000000 0.00000000000000000000 0.00000000000000000000 0.00000000000000000000 0.00000000000000000000 0.00000000000000000000
0.00000000000000000000 0.00000000000000000000 0.00000000000000000000 0.00000000000000000000 0.00000000000000000000 0.00000000000000000000
0.00000000000000000000 0.00000000000000000000 0.00000000000000000000 0.00000000000000000000 0.00000000000000000000 0.00000000000000000000
0.00000000000000000000 0.00000000000000000000 0.00000000000000000000 0.00000000000000000000 0.00000000000000000000 0.00000000000000000000
0.00000000000000000000 0.00000000000000000000 0.00000000000000000000 0.00000000000000000000 0.00000000000000000000 0.00000000000000000000
0.00000000000000000000 0.00000000000000000000 0.00000000000000000000 0.00000000000000000000 0.00000000000000000000 0.00000000000000000000
0.00000000000000000000 0.00000000000000000000 0.00000000000000000000 0.00000000000000000000 0.00000000000000000000 0.00000000000000000000
0.00000000000000000000 0.00000000000000000000 0.00000000000000000000 0.00000000000000000000 0.00000000000000000000 0.00000000000000000000
0.00000000000000000000 0.00000000000000000000 0.00000000000000000000 0.00000000000000000000 0.00000000000000000000 0.00000000000000000000
0.00000000000000000000 0.00000000000000000000 0.00000000000000000000 0.00000000000000000000 0.00000000000000000000 0.00000000000000000000
0.00000000000000000000 0.00000000000000000000 0.00000000000000000000 0.00000000000000000000 0.00000000000000000000 0.00000000000000000000
0.00000000000000000000 0.00000000000000000000 0.00000000000000000000 0.00000000000000000000 0.00000000000000000000 0.00000000000000000000
0.00000000000000000000 0.00000000000000000000 0.00000000000000000000 0.00000000000000000000 0.00000000000000000000 0.00000000000000000000
0.00000000000000000000 0.00000000000000000000 0.00000000000000000000 0.00000000000000000000 0.00000000000000000000 0.00000000000000000000
0.00000000000000000000 0.00000000000000000000 0.00000000000000000000 0.00000000000000000000 0.00000000000000000000 0.00000000000000000000
0.00000000000000000000 0.00000000000000000000 0.00000000000000000000 0.00000000000000000000 0.00000000000000000000 0.00000000000000000000
0.00000000000000000000 0.00000000000000000000 0.00000000000000000000 0.00000000000000000000 0.00000000000000000000 0.00000000000000000000
0.00000000000000000000 0.00000000000000000000 0.00000000000000000000 0.00000000000000000000 0.00000000000000000000 0.00000000000000000000
0.00000000000000000000 0.00000000000000000000 0.00000000000000000000 0.00000000000000000000 0.00000000000000000000 0.00000000000000000000
0.00000000000000000000 0.00000000000000000000 0.00000000000000000000 0.00000000000000000000 0.00000000000000000000 0.00000000000000000000
0.00000000000000000000 0.00000000000000000000 0.00000000000000000000 0.00000000000000000000 0.00000000000000000000 0.00000000000000000000
0.00000000000000000000 0.00000000000000000000 0.00000000000000000000 0.00000000000000000000 0.00000000000000000000 0.00000000000000000000
0.00000000000000000000 0.00000000000000000000 0.00000000000000000000 0.00000000000000000000 0.00000000000000000000 0.00000000000000000000
0.00000000000000000000 0.00000000000000000000 0.00000000000000000000 0.00000000000000000000 0.00000000000000000000 0.00000000000000000000
0.00000000000000000000 0.00000000000000000000 0.00000000000000000000 0.00000000000000000000 0.00000000000000000000 0.00000000000000000000
0.00000000000000000000 0.00000000000000000000 0.00000000000000000000 0.00000000000000000000 0.00000000000000000000 0.00000000000000000000
0.00000000000000000000 0.00000000000000000000 0.00000000000000000000 0.00000000000000000000 0.00000000000000000000 0.00000000000000000000
0.00000000000000000000 0.00000000000000000000 0.00000000000000000000 0.00000000000000000000 0.00000000000000000000 0.00000000000000000000
0.00000000000000000000 0.00000000000000000000 0.00000000000000000000 0.00000000000000000000 0.00000000000000000000 0.00000000000000000000
0.00000000000000000000 0.00000000000000000000 0.00000000000000000000 0.00000000000000000000 0.00000000000000000000 0.00000000000000000000
0.00000000000000000000 0.00000000000000000000 0.00000000000000000000 0.00000000000000000000 0.00000000000000000000 0.00000000000000000000
0.00000000000000000000 0.00000000000000000000 0.00000000000000000000 0.00000000000000000000 0.00000000000000000000 0.00000000000000000000
0.00000000000000000000 0.00000000000000000000 0.00000000000000000000 0.00000000000000000000 0.00000000000000000000 0.00000000000000000000
0.00000000000000000000 0.00000000000000000000 0.00000000000000000000 0.00000000000000000000 0.00000000000000000000 0.00000000000000000000
0.00000000000000000000 0.00000000000000000000 0.00000000000000000000 0.00000000000000000000 0.00000000000000000000 0.00000000000000000000
0.00000000000000000000 0.00000000000000000000 0.00000000000000000000 0.00000000000000000000 0.00000000000000000000 0.00000000000000000000
0.00000000000000000000 0.00000000000000000000 0.00000000000000000000 0.00000000000000000000 0.00000000000000000000 0.00000000000000000000
0.00000000000000000000 0.00000000000000000000 0.00000000000000000000 0.00000000000000000000 0.00000000000000000000 0.00000000000000000000
0.00000000000000000000 0.00000000000000000000 0.00000000000000000000 0.00000000000000000000 0.00000000000000000000 0.00000000000000000000
0.00000000000000000000 0.00000000000000000000 0.00000000000000000000 0.00000000000000000000 0.00000000000000000000 0.00000000000000000000
0.00000000000000000000 0.00000000000000000000 0.00000000000000000000 0.00000000000000000000 0.00000000000000000000 0.00000000000000000000
0.00000000000000000000 0.00000000000000000000 0.00000000000000000000 0.00000000000000000000 0.00000000000000000000 0.00000000000000000000
0.00000000000000000000 0.00000000000000000000 0.00000000000000000000 0.00000000000000000000 0.00000000000000000000 0.00000000000000000000
0.00000000000000000000 0.00000000000000000000 0.00000000000000000000 0.00000000000000000000 0.00000000000000000000 0.00000000000000000000
0.00000000000000000000 0.00000000000000000000 0.00000000000000000000 0.00000000000000000000 0.00000000000000000000 0.00000000000000000000
0.00000000000000000000 0.00000000000000000000 0.00000000000000000000 0.00000000000000000000 0.00000000000000000000 0.00000000000000000000
0.05906193776354404235 -0.03227106746108445584 -0.02235612738151579806 -0.06975647374139999635 0.86156942754999998879 -0.50282417988999994485
0.06233234972053895012 -0.02944553358305028110 -0.02725466817808225653 -0.06975647374139999635 0.86156942754999998879 -0.50282417988999994485
0.05579975404146274298 -0.02943408081485489672 -0.02725539468719558739 -0.06975647374139999635 0.86156942754999998879 -0.50282417988999994485
0.05252674273649998726 -0.03226036086960196170 -0.02235555519495453433 -0.06975647374139999635 0.86156942754999998879 -0.50282417988999994485
0.04926505827730850995 -0.02942380841171739897 -0.02725407268929277635 -0.06975647374139999635 0.86156942754999998879 -0.50282417988999994485
0.04272986325026444099 -0.02941310182023489442 -0.02725350050273151609 -0.06975647374139999635 0.86156942754999998879 -0.50282417988999994485
0.00000000000000000000 0.00000000000000000000 0.00000000000000000000 0.00000000000000000000 0.00000000000000000000 0.00000000000000000000
0.04599154770945593218 -0.03224965427811946062 -0.02235498300839327407 -0.06975647374139999635 0.86156942754999998879 -0.50282417988999994485
0.04925373143153724542 -0.03508664092434900933 -0.01745571570271348127 -0.06975647374139999635 0.86156942754999998879 -0.50282417988999994485
0.05251541589072874355 -0.03792319338223357206 -0.01255719820837523926 -0.06975647374139999635 0.86156942754999998879 -0.50282417988999994485
0.00000000000000000000 0.00000000000000000000 0.00000000000000000000 0.00000000000000000000 0.00000000000000000000 0.00000000000000000000
0.05578842719569147846 -0.03509691332748651055 -0.01745703770061629578 -0.06975647374139999635 0.86156942754999998879 -0.50282417988999994485
