name    rightHand
spatial_sampling    taxel
taxel2Repr ( 3 3 3 3 3 3 -2 3 3 3 -2 3 15 15 15 15 15 15 -2 15 15 15 -2 15 27 27 27 27 27 27 -2 27 27 27 -2 27 39 39 39 39 39 39 -2 39 39 39 -2 39 51 51 51 51 51 51 -2 51 51 51 -2 51 63 63 63 63 63 63 -2 63 63 63 -2 63 75 75 75 75 75 75 -2 75 75 75 -2 75 87 87 87 87 87 87 -2 87 87 87 -2 87 99 99 99 99 99 99 -2 99 99 99 -2 99 111 111 111 111 111 111 -2 111 111 111 -2 111 123 123 123 123 123 123 -2 123 123 123 -2 123 135 135 135 135 135 135 -2 135 135 135 -2 135 147 147 147 147 147 147 -2 147 147 147 -2 147 159 159 159 159 159 159 -2 159 159 159 -2 159 171 171 171 171 171 171 -2 171 171 171 -2 171 183 183 183 183 183 183 -2 183 183 183 -2 183 -1 -1 -1 -1 -1 -1 -1 -1 -1 -1 -1 -1 -1 -1 -1 -1 -1 -1 -1 -1 -1 -1 -1 -1 -1 -1 -1 -1 -1 -1 -1 -1 -1 -1 -1 -1 231 231 231 231 231 231 -2 231 231 231 -2 231 243 243 243 243 243 243 -2 243 243 243 -2 243 255 255 255 255 255 255 -2 255 255 255 -2 255 267 267 267 267 267 267 -2 267 267 267 -2 267 279 279 279 279 279 279 -2 279 279 279 -2 279 -1 -1 -1 -1 -1 -1 -1 -1 -1 -1 -1 -1 303 303 303 303 303 303 -2 303 303 303 -2 303 315 315 315 315 315 315 -2 315 315 315 -2 315 -1 -1 -1 -1 -1 -1 -1 -1 -1 -1 -1 -1 -1 -1 -1 -1 -1 -1 -1 -1 -1 -1 -1 -1 -1 -1 -1 -1 -1 -1 -1 -1 -1 -1 -1 -1 -1 -1 -1 -1 -1 -1 -1 -1 -1 -1 -1 -1 375 375 375 375 375 375 -2 375 375 375 -2 375 )
[calibration]
0.03788144266896484313 0.03087097562890135996 0.00913402840716307993 -0.06975647374240000198 -0.39278735937300002234 0.91697989328399998055
0.03788874947498255957 0.03485767989949815210 0.00395570583422586407 -0.06975647374240000198 -0.39278735937300002234 0.91697989328399998055
0.04354318082179566701 0.03285558643077739205 0.00654397106149352814 -0.06975647374240000198 -0.39278735937300002234 0.91697989328399998055
0.04353587401577795751 0.02886888216018059991 0.01172229363443075267 -0.06975647374240000198 -0.39278735937300002234 0.91697989328399998055
0.04919847768695362333 0.03085318650354312159 0.00913263247201962294 -0.06975647374240000198 -0.39278735937300002234 0.91697989328399998055
0.05485290903376672383 0.02885109303482236154 0.01172089769928728528 -0.06975647374240000198 -0.39278735937300002234 0.91697989328399998055
0.00000000000000000000 0.00000000000000000000 0.00000000000000000000 0.00000000000000000000 0.00000000000000000000 0.00000000000000000000
0.04919030536259106495 0.02686678869145983986 0.01431055886169841848 -0.06975647374240000198 -0.39278735937300002234 0.91697989328399998055
0.04352856720976025495 0.02488217788958381124 0.01690061620736797027 -0.06975647374240000198 -0.39278735937300002234 0.91697989328399998055
0.03786746616503613994 0.02289945596899884209 0.01948821871684570592 -0.06975647374240000198 -0.39278735937300002234 0.91697989328399998055
0.00000000000000000000 0.00000000000000000000 0.00000000000000000000 0.00000000000000000000 0.00000000000000000000 0.00000000000000000000
0.03787327034460229169 0.02688457781681807476 0.01431195479684187893 -0.06975647374240000198 -0.39278735937300002234 0.91697989328399998055
0.04606647992733865077 0.01304181743649871460 0.02373172401738830178 -0.06975647374979999926 -0.00000000000241920343 0.99756405025899996808
0.04041233797983723175 0.01599286737729100488 0.02230663732372555053 -0.06975647374979999926 -0.00000000000241920343 0.99756405025899996808
0.04607522490922625474 0.01892254274721441934 0.02088227681745646880 -0.06975647374979999926 -0.00000000000241920343 0.99756405025899996808
0.05172936685672766682 0.01597149280642213079 0.02230736351111922700 -0.06975647374979999926 -0.00000000000241920343 0.99756405025899996808
0.05173897865124796325 0.02185266655971703983 0.01945769828570042756 -0.06975647374979999926 -0.00000000000241920343 0.99756405025899996808
0.05740186558063698624 0.02478234192964046123 0.01803333777943134583 -0.06975647374979999926 -0.00000000000241920343 0.99756405025899996808
0.00000000000000000000 0.00000000000000000000 0.00000000000000000000 0.00000000000000000000 0.00000000000000000000 0.00000000000000000000
0.05739225378611668982 0.01890116817634554872 0.02088300300485014527 -0.06975647374979999926 -0.00000000000241920343 0.99756405025899996808
0.05738350880422909278 0.01302044286562983877 0.02373245020478198519 -0.06975647374979999926 -0.00000000000241920343 0.99756405025899996808
0.05737240110949157895 0.00714160980766021750 0.02658098254541657601 -0.06975647374979999926 -0.00000000000241920343 0.99756405025899996808
0.00000000000000000000 0.00000000000000000000 0.00000000000000000000 0.00000000000000000000 0.00000000000000000000 0.00000000000000000000
0.05171975506220738428 0.01009031905312722001 0.02515702873653802296 -0.06975647374979999926 -0.00000000000241920343 0.99756405025899996808
0.03694343753185760915 0.00312045415581813264 0.02544240014137155378 -0.06975647375110000104 0.39278735936699998854 0.91697989328600004733
0.03695519857744727216 0.00963852177018510378 0.02591520586505422982 -0.06975647375110000104 0.39278735936699998854 0.91697989328600004733
0.04260740323198668189 0.00637098093061477886 0.02567888319381185849 -0.06975647375110000104 0.39278735936699998854 0.91697989328600004733
0.04259564218639701194 -0.00014708668375219386 0.02520607747012918939 -0.06975647375110000104 0.39278735936699998854 0.91697989328600004733
0.04826047306403329767 0.00310293993172414432 0.02544252434888646594 -0.06975647375110000104 0.39278735936699998854 0.91697989328600004733
0.05391267771857269353 -0.00016460090784618247 0.02520620167764410155 -0.06975647375110000104 0.39278735936699998854 0.91697989328600004733
0.00000000000000000000 0.00000000000000000000 0.00000000000000000000 0.00000000000000000000 0.00000000000000000000 0.00000000000000000000
0.04824784684093642861 -0.00341462752332252024 0.02496975479888681806 -0.06975647375110000104 0.39278735936699998854 0.91697989328600004733
0.04258388114080734893 -0.00666515429811916603 0.02473327174644650642 -0.06975647375110000104 0.39278735936699998854 0.91697989328600004733
0.03692055466032387323 -0.00991259219604342413 0.02449701283215984307 -0.06975647375110000104 0.39278735936699998854 0.91697989328600004733
0.00000000000000000000 0.00000000000000000000 0.00000000000000000000 0.00000000000000000000 0.00000000000000000000 0.00000000000000000000
0.03693081130876074009 -0.00339711329922853193 0.02496963059137189897 -0.06975647375110000104 0.39278735936699998854 0.91697989328600004733
0.04666180722984249879 -0.01920959963062842876 0.02137920718862906105 -0.06975647374469999551 0.73147310891700001445 0.67829280204200004256
0.04100739179025524039 -0.01626659123337960769 0.02281975451873666239 -0.06975647374469999551 0.73147310891700001445 0.67829280204200004256
0.04667000708517549806 -0.01334394961028368548 0.02425956109070467881 -0.06975647374469999551 0.73147310891700001445 0.67829280204200004256
0.05232442252476276340 -0.01628695800753250655 0.02281901376059708442 -0.06975647374469999551 0.73147310891700001445 0.67829280204200004256
0.05233348915114963140 -0.01042086062125739156 0.02569958805247401362 -0.06975647374469999551 0.73147310891700001445 0.67829280204200004256
0.05799610444606990295 -0.00749821899816146848 0.02713939462444203699 -0.06975647374469999551 0.73147310891700001445 0.67829280204200004256
0.00000000000000000000 0.00000000000000000000 0.00000000000000000000 0.00000000000000000000 0.00000000000000000000 0.00000000000000000000
0.05798703781968302801 -0.01336431638443657741 0.02425882033256510778 -0.06975647374469999551 0.73147310891700001445 0.67829280204200004256
0.05797883796435002873 -0.01922996640478132416 0.02137846643048949696 -0.06975647374469999551 0.73147310891700001445 0.67829280204200004256
0.05796827522078651374 -0.02509372922238588960 0.01849903731218728933 -0.06975647374469999551 0.73147310891700001445 0.67829280204200004256
0.00000000000000000000 0.00000000000000000000 0.00000000000000000000 0.00000000000000000000 0.00000000000000000000 0.00000000000000000000
0.05231535589837589539 -0.02215305539380761288 0.01993843946872015868 -0.06975647374469999551 0.73147310891700001445 0.67829280204200004256
0.07184159013390986614 -0.02226315282939703502 0.02127376606944018228 -0.06975647373990000177 0.75108640515100000279 0.65650837494199998368
0.06617694591463549325 -0.02520875665358765505 0.01987945154970116590 -0.06975647373990000177 0.75108640515100000279 0.65650837494199998368
0.06618624695756275544 -0.01930063214578422656 0.02266765299344460777 -0.06975647373990000177 0.75108640515100000279 0.65650837494199998368
0.07185089117683711446 -0.01635502832159360306 0.02406196751318362415 -0.06975647373990000177 0.75108640515100000279 0.65650837494199998368
0.06619554942419167420 -0.01339160328706884284 0.02545628122449000025 -0.06975647373990000177 0.75108640515100000279 0.65650837494199998368
0.06620485046711892252 -0.00748347877926541262 0.02824448266823344211 -0.06975647373990000177 0.75108640515100000279 0.65650837494199998368
0.00000000000000000000 0.00000000000000000000 0.00000000000000000000 0.00000000000000000000 0.00000000000000000000 0.00000000000000000000
0.07186019221976437665 -0.01044690381379017631 0.02685016895692705907 -0.06975647373990000177 0.75108640515100000279 0.65650837494199998368
0.07751553539611148735 -0.01340942449740298477 0.02545628203292264052 -0.06975647373990000177 0.75108640515100000279 0.65650837494199998368
0.08316787715247463131 -0.01637284480899214856 0.02406196832140201219 -0.06975647373990000177 0.75108640515100000279 0.65650837494199998368
0.00000000000000000000 0.00000000000000000000 0.00000000000000000000 0.00000000000000000000 0.00000000000000000000 0.00000000000000000000
0.07750623292948256859 -0.01931845335611837022 0.02266765380187724804 -0.06975647373990000177 0.75108640515100000279 0.65650837494199998368
0.07635828267643221534 -0.03187035161172966508 0.01265236247787780016 -0.06975647375210000667 0.96142644723899994830 0.26606995493500001926
0.07070254309146227489 -0.02972191410833486744 0.01512333699029406661 -0.06975647375210000667 0.96142644723899994830 0.26606995493500001926
0.07636383492008015639 -0.02759343588801655908 0.01759304229596419036 -0.06975647375210000667 0.96142644723899994830 0.26606995493500001926
0.08201957450505009684 -0.02974187339141135325 0.01512206778354792391 -0.06975647375210000667 0.96142644723899994830 0.26606995493500001926
0.08202599331717017050 -0.02546463186359289310 0.02006312563704004681 -0.06975647375210000667 0.96142644723899994830 0.26606995493500001926
0.08768728514578805200 -0.02333615364327459168 0.02253283094271017056 -0.06975647375210000667 0.96142644723899994830 0.26606995493500001926
0.00000000000000000000 0.00000000000000000000 0.00000000000000000000 0.00000000000000000000 0.00000000000000000000 0.00000000000000000000
0.08768086633366795057 -0.02761339517109304836 0.01759177308921804767 -0.06975647375210000667 0.96142644723899994830 0.26606995493500001926
0.08767531409002002341 -0.03189031089480614395 0.01265109327113165399 -0.06975647375210000667 0.96142644723899994830 0.26606995493500001926
0.08766739810808382716 -0.03616584950415343419 0.00771199973717112686 -0.06975647375210000667 0.96142644723899994830 0.26606995493500001926
0.00000000000000000000 0.00000000000000000000 0.00000000000000000000 0.00000000000000000000 0.00000000000000000000 0.00000000000000000000
0.08201315569292999541 -0.03401911491922980646 0.01018100993005579755 -0.06975647375210000667 0.96142644723899994830 0.26606995493500001926
0.10129790873530533646 -0.03441433324587688664 0.01208345548743397849 -0.06975647375309999842 0.97286880527700003718 0.22059084770099998685
0.09563423345147886723 -0.03661446547491443992 0.00967698723413758927 -0.06975647375309999842 0.97286880527700003718 0.22059084770099998685
0.09564159861491772219 -0.03219601012024453368 0.01448918912445311055 -0.06975647375309999842 0.97286880527700003718 0.22059084770099998685
0.10130527389874419142 -0.02999587789120696998 0.01689565737774950324 -0.06975647375309999842 0.97286880527700003718 0.22059084770099998685
0.09564896490573501775 -0.02777687843688110905 0.01930212761386404519 -0.06975647375309999842 0.97286880527700003718 0.22059084770099998685
0.09565633006917387271 -0.02335842308221119240 0.02411432950417956300 -0.06975647375309999842 0.97286880527700003718 0.22059084770099998685
0.00000000000000000000 0.00000000000000000000 0.00000000000000000000 0.00000000000000000000 0.00000000000000000000 0.00000000000000000000
0.10131263906218304638 -0.02557742253653705333 0.02170785926806502453 -0.06975647375309999842 0.97286880527700003718 0.22059084770099998685
0.10696894918257066065 -0.02779574566216941323 0.01930212563104588899 -0.06975647375309999842 0.97286880527700003718 0.22059084770099998685
0.11262225817974674813 -0.03001474011634722855 0.01689565539545682948 -0.06975647375309999842 0.97286880527700003718 0.22059084770099998685
0.00000000000000000000 0.00000000000000000000 0.00000000000000000000 0.00000000000000000000 0.00000000000000000000 0.00000000000000000000
0.10696158289175333733 -0.03221487734553283439 0.01448918714163495436 -0.06975647375309999842 0.97286880527700003718 0.22059084770099998685
0.11584916671826017698 -0.01949890280049689298 0.02590541030137613610 -0.06975647374729999906 0.79092841975399996723 0.60791962395999998847
0.11583847883485878794 -0.02548456549081803621 0.02328231729371402908 -0.06975647374729999906 0.79092841975399996723 0.60791962395999998847
0.11018573750593119165 -0.02248330025903018045 0.02459342807343294079 -0.06975647374729999906 0.79092841975399996723 0.60791962395999998847
0.11019642538933258069 -0.01649763756870903722 0.02721652108109504781 -0.06975647374729999906 0.79092841975399996723 0.60791962395999998847
0.10453213091734817053 -0.01948157562647211474 0.02590473954361253994 -0.06975647374729999906 0.79092841975399996723 0.60791962395999998847
0.09887938958842054649 -0.01648031039468425551 0.02721585032333145165 -0.06975647374729999906 0.79092841975399996723 0.60791962395999998847
0.00000000000000000000 0.00000000000000000000 0.00000000000000000000 0.00000000000000000000 0.00000000000000000000 0.00000000000000000000
0.10454368406040495665 -0.01349637233692118146 0.02852763186081395952 -0.06975647374729999906 0.79092841975399996723 0.60791962395999998847
0.11020711327273394198 -0.01051197487838789572 0.02983961408875716870 -0.06975647374729999906 0.79092841975399996723 0.60791962395999998847
0.11586990377412947906 -0.00753041392329657690 0.03115035281496445624 -0.06975647374729999906 0.79092841975399996723 0.60791962395999998847
0.00000000000000000000 0.00000000000000000000 0.00000000000000000000 0.00000000000000000000 0.00000000000000000000 0.00000000000000000000
0.11586071986131699085 -0.01351369951094596317 0.02852830261857756261 -0.06975647374729999906 0.79092841975399996723 0.60791962395999998847
0.09974081356540302756 -0.00677775648458128332 0.02999639964520699198 -0.06975647374950000312 -0.00000000000254461067 0.99756405025899996808
0.09407522095549016028 -0.01002644771991716491 0.02975985232234679839 -0.06975647374950000312 -0.00000000000254461067 0.99756405025899996808
0.09408642118399641874 -0.00351060470859445705 0.03023287812151469883 -0.06975647374950000312 -0.00000000000254461067 0.99756405025899996808
0.09975201379390929990 -0.00026191347325857514 0.03046942544437489242 -0.06975647374950000312 -0.00000000000254461067 0.99756405025899996808
0.09409762312691083430 0.00300623567652456500 0.03070597632628479373 -0.06975647374950000312 -0.00000000000254461067 0.99756405025899996808
0.09410882335541709276 0.00952207868784727372 0.03117900212545270111 -0.06975647374950000312 -0.00000000000254461067 0.99756405025899996808
0.00000000000000000000 0.00000000000000000000 0.00000000000000000000 0.00000000000000000000 0.00000000000000000000 0.00000000000000000000
0.09976321402241554448 0.00625392953806413413 0.03094245124354279980 -0.06975647374950000312 -0.00000000000254461067 0.99756405025899996808
0.10541760640382218106 0.00298677776207730700 0.03070597276723508601 -0.06975647374950000312 -0.00000000000254461067 0.99756405025899996808
0.11106899707525258458 -0.00028136623101472614 0.03046942188626840242 -0.06975647374950000312 -0.00000000000254461067 0.99756405025899996808
0.00000000000000000000 0.00000000000000000000 0.00000000000000000000 0.00000000000000000000 0.00000000000000000000 0.00000000000000000000
0.10540640446090776550 -0.00353006262304171592 0.03023287456246499111 -0.06975647374950000312 -0.00000000000254461067 0.99756405025899996808
0.11542886806356168761 0.01295155085682501810 0.02912188213524143782 -0.06975647374950000312 0.41860295859399998530 0.90548638721200003232
0.11541827732963215458 0.00695160446802574154 0.03171213698136938347 -0.06975647374950000312 0.41860295859399998530 0.90548638721200003232
0.10976548725438264875 0.00995989583733010442 0.03041744149495970856 -0.06975647374950000312 0.41860295859399998530 0.90548638721200003232
0.10977607798831216790 0.01595984222612938444 0.02782718664883175597 -0.06975647374950000312 0.41860295859399998530 0.90548638721200003232
0.10411183191201615894 0.01296864768288876271 0.02912254783076242970 -0.06975647374950000312 0.41860295859399998530 0.90548638721200003232
0.09845904183676665311 0.01597693905219313079 0.02782785234435276173 -0.06975647374950000312 0.41860295859399998530 0.90548638721200003232
0.00000000000000000000 0.00000000000000000000 0.00000000000000000000 0.00000000000000000000 0.00000000000000000000 0.00000000000000000000
0.10412328791306264819 0.01896813359543374905 0.02653249116242208105 -0.06975647374950000312 0.41860295859399998530 0.90548638721200003232
0.10978666872224167317 0.02195978861492866793 0.02523693180270380337 -0.06975647374950000312 0.41860295859399998530 0.90548638721200003232
0.11544941086652084350 0.02494860034696821591 0.02394260037767103472 -0.06975647374950000312 0.41860295859399998530 0.90548638721200003232
0.00000000000000000000 0.00000000000000000000 0.00000000000000000000 0.00000000000000000000 0.00000000000000000000 0.00000000000000000000
0.11544032406460817686 0.01895103676937000617 0.02653182546690108917 -0.06975647374950000312 0.41860295859399998530 0.90548638721200003232
0.10706596968435294626 0.03175922252330724838 0.01466028733483666982 -0.06975647374710000626 0.43279571677599998347 0.89878913094799994798
0.11272154575772605489 0.02952657497421202690 0.01705583178230757335 -0.06975647374710000626 0.43279571677599998347 0.89878913094799994798
0.10706009059590015919 0.02731398643597643394 0.01945008874660843906 -0.06975647374710000626 0.43279571677599998347 0.89878913094799994798
0.10140451452252702280 0.02954663398507165889 0.01705454429913753900 -0.06975647374710000626 0.43279571677599998347 0.89878913094799994798
0.10139776884060081041 0.02510105921895035980 0.02184471219751030202 -0.06975647374710000626 0.43279571677599998347 0.89878913094799994798
0.09573631367877488696 0.02288847068071478072 0.02423896916181116773 -0.06975647374710000626 0.43279571677599998347 0.89878913094799994798
0.00000000000000000000 0.00000000000000000000 0.00000000000000000000 0.00000000000000000000 0.00000000000000000000 0.00000000000000000000
0.09574305936070112710 0.02733404544683606940 0.01944880126343840818 -0.06975647374710000626 0.43279571677599998347 0.89878913094799994798
0.09574893844915391417 0.03177928153416688384 0.01465899985166663547 -0.06975647374710000626 0.43279571677599998347 0.89878913094799994798
0.09575718117093653947 0.03622308645338485900 0.00987073629402156899 -0.06975647374710000626 0.43279571677599998347 0.89878913094799994798
0.00000000000000000000 0.00000000000000000000 0.00000000000000000000 0.00000000000000000000 0.00000000000000000000 0.00000000000000000000
0.10141126020445323519 0.03399220875119295798 0.01226437640076477251 -0.06975647374710000626 0.43279571677599998347 0.89878913094799994798
0.08212530887198823959 0.03366848488038272358 0.01036329406626974869 -0.06975647374950000312 -0.00000000000254727891 0.99756405025899996808
0.08778891027616839149 0.03581040209959732157 0.00790469715733970249 -0.06975647374950000312 -0.00000000000254727891 0.99756405025899996808
0.08778169275785305259 0.03150830419072656735 0.01282119901230927353 -0.06975647374950000312 -0.00000000000254727891 0.99756405025899996808
0.08211809135367287293 0.02936638697151196242 0.01527979592123931626 -0.06975647374950000312 -0.00000000000254727891 0.99756405025899996808
0.08777447413475911175 0.02720554776388414350 0.01773845343146910475 -0.06975647374950000312 -0.00000000000254727891 0.99756405025899996808
0.08776725661644374510 0.02290344985501338235 0.02265495528643866885 -0.06975647374950000312 -0.00000000000254727891 0.99756405025899996808
0.00000000000000000000 0.00000000000000000000 0.00000000000000000000 0.00000000000000000000 0.00000000000000000000 0.00000000000000000000
0.08211087383535750628 0.02506428906264120474 0.02019629777620888730 -0.06975647374950000312 -0.00000000000254727891 0.99756405025899996808
0.07645448994949269328 0.02722446975229736443 0.01773839283016936247 -0.06975647374950000312 -0.00000000000254727891 0.99756405025899996808
0.07080110716421525452 0.02938530394526393807 0.01527973533599999434 -0.06975647374950000312 -0.00000000000254727891 0.99756405025899996808
0.00000000000000000000 0.00000000000000000000 0.00000000000000000000 0.00000000000000000000 0.00000000000000000000 0.00000000000000000000
0.07646170857258660636 0.03152722617913977787 0.01282113841100953472 -0.06975647374950000312 -0.00000000000254727891 0.99756405025899996808
0.07232621366329290702 0.01004220445593887422 0.02799941495374169004 -0.06975647374500000553 -0.43279571678399997303 0.89878913094500001435
0.06666132336387886603 0.00708952981795278429 0.02937768175585164787 -0.06975647374500000553 -0.43279571678399997303 0.89878913094500001435
0.06667111794143107395 0.01301269197682503737 0.02662157161546277462 -0.06975647374500000553 -0.43279571678399997303 0.89878913094500001435
0.07233600824084510106 0.01596536661481112729 0.02524330481335281678 -0.06975647374500000553 -0.43279571678399997303 0.89878913094500001435
0.06668091401822980047 0.01893676078840796431 0.02386503959995673468 -0.06975647374500000553 -0.43279571678399997303 0.89878913094500001435
0.06669070859578200838 0.02485992294728021912 0.02110892945956786490 -0.06975647374500000553 -0.43279571678399997303 0.89878913094500001435
0.00000000000000000000 0.00000000000000000000 0.00000000000000000000 0.00000000000000000000 0.00000000000000000000 0.00000000000000000000
0.07234580281839732285 0.02188852877368337863 0.02248719467296393659 -0.06975647374500000553 -0.43279571678399997303 0.89878913094500001435
0.07800089854025915592 0.01891804125279721374 0.02386503801124284507 -0.06975647374500000553 -0.43279571678399997303 0.89878913094500001435
0.08365299276697639452 0.01594665204020804736 0.02524330322505996538 -0.06975647374500000553 -0.43279571678399997303 0.89878913094500001435
0.00000000000000000000 0.00000000000000000000 0.00000000000000000000 0.00000000000000000000 0.00000000000000000000 0.00000000000000000000
0.07799110246346041553 0.01299397244121428679 0.02662157002674888501 -0.06975647374500000553 -0.43279571678399997303 0.89878913094500001435
0.07475048596822828073 -0.00346767810992084811 0.02763367535357608845 -0.06975647374189999916 -0.41860295859199997404 0.90548638721300001020
0.06909681471338834091 -0.00019827358862078778 0.02787007420784429201 -0.06975647374189999916 -0.41860295859199997404 0.90548638721300001020
0.07476017263106360389 0.00304990140614901008 0.02810634798899061537 -0.06975647374189999916 -0.41860295859199997404 0.90548638721300001020
0.08041384388590355758 -0.00021950311515105085 0.02786994913472241875 -0.06975647374189999916 -0.41860295859199997404 0.90548638721300001020
0.08042439743346528613 0.00629857359592795631 0.02834265793633641839 -0.06975647374189999916 -0.41860295859199997404 0.90548638721300001020
0.08608775535114053523 0.00954674859069775360 0.02857893171748275563 -0.06975647374189999916 -0.41860295859199997404 0.90548638721300001020
0.00000000000000000000 0.00000000000000000000 0.00000000000000000000 0.00000000000000000000 0.00000000000000000000 0.00000000000000000000
0.08607720180357879280 0.00302867187961874647 0.02810622291586874905 -0.06975647374189999916 -0.41860295859199997404 0.90548638721300001020
0.08606751514074348353 -0.00348890763645111129 0.02763355028045421519 -0.06975647374189999916 -0.41860295859199997404 0.90548638721300001020
0.08605546606728758929 -0.01000439049207984231 0.02716102940489741741 -0.06975647374189999916 -0.41860295859199997404 0.90548638721300001020
0.00000000000000000000 0.00000000000000000000 0.00000000000000000000 0.00000000000000000000 0.00000000000000000000 0.00000000000000000000
0.08040329033834180128 -0.00673757982623005708 0.02739724033310841911 -0.06975647374189999916 -0.41860295859199997404 0.90548638721300001020
0.07940393040507132127 0.03800124213366132264 -0.00336562605165021886 -0.06975647374139999635 -0.75108640514900004703 0.65650837494400005045
0.08506174873723210128 0.03711382906762587114 -0.00021753476159922479 -0.06975647374139999635 -0.75108640514900004703 0.65650837494400005045
0.07940253462723895206 0.03624575090453349691 0.00292886396710900256 -0.06975647374139999635 -0.75108640514900004703 0.65650837494400005045
0.07374471629507817205 0.03713316397056894147 -0.00021922732294199325 -0.06975647374139999635 -0.75108640514900004703 0.65650837494400005045
0.07374245426680806070 0.03537753986555514790 0.00607574431203164109 -0.06975647374139999635 -0.75108640514900004703 0.65650837494400005045
0.06808324015681491148 0.03450946170246276673 0.00922214304073986843 -0.06975647374139999635 -0.75108640514900004703 0.65650837494400005045
0.00000000000000000000 0.00000000000000000000 0.00000000000000000000 0.00000000000000000000 0.00000000000000000000 0.00000000000000000000
0.06808550218508505059 0.03626508580747656724 0.00292717140576623409 -0.06975647374139999635 -0.75108640514900004703 0.65650837494400005045
0.06808689796291739205 0.03802057703660439297 -0.00336731861299298905 -0.06975647374139999635 -0.75108640514900004703 0.65650837494400005045
0.06809065881352956151 0.03977550069007110972 -0.00965978766945291625 -0.06975647374139999635 -0.75108640514900004703 0.65650837494400005045
0.00000000000000000000 0.00000000000000000000 0.00000000000000000000 0.00000000000000000000 0.00000000000000000000 0.00000000000000000000
0.07374697832334831116 0.03888878807558274892 -0.00651419895791562065 -0.06975647374139999635 -0.75108640514900004703 0.65650837494400005045
0.05451130574375064042 0.03776064680584077099 -0.00864996302587382748 -0.06975647373759999437 -0.73147310892600003740 0.67829280203300001961
0.06017253663003107461 0.03848037366512688240 -0.01183451120422607597 -0.06975647373759999437 -0.73147310892600003740 0.67829280203300001961
0.06017005948225331163 0.03702225735277590163 -0.00546631054129193255 -0.06975647373759999437 -0.73147310892600003740 0.67829280203300001961
0.05450882859597287744 0.03630253049348979022 -0.00228176236293968666 -0.06975647373759999437 -0.73147310892600003740 0.67829280203300001961
0.06016758195530094028 0.03556391784796932715 0.00090286489596686295 -0.06975647373759999437 -0.73147310892600003740 0.67829280203300001961
0.06016510480752318424 0.03410580153561834638 0.00727106555890100897 -0.06975647373759999437 -0.73147310892600003740 0.67829280203300001961
0.00000000000000000000 0.00000000000000000000 0.00000000000000000000 0.00000000000000000000 0.00000000000000000000 0.00000000000000000000
0.05450635144819512140 0.03484441418113881639 0.00408643829999445762 -0.06975647373759999437 -0.73147310892600003740 0.67829280203300001961
0.04884759770969244325 0.03558280363420368575 0.00090278581541256009 -0.06975647373759999437 -0.73147310892600003740 0.67829280203300001961
0.04319184434618918850 0.03632141127465712133 -0.00228184142253624878 -0.06975647373759999437 -0.73147310892600003740 0.67829280203300001961
0.00000000000000000000 0.00000000000000000000 0.00000000000000000000 0.00000000000000000000 0.00000000000000000000 0.00000000000000000000
0.04885007523664482154 0.03704114313901026023 -0.00546638962184623454 -0.06975647373759999437 -0.73147310892600003740 0.67829280203300001961
0.00000000000000000000 0.00000000000000000000 0.00000000000000000000 0.00000000000000000000 0.00000000000000000000 0.00000000000000000000
0.00000000000000000000 0.00000000000000000000 0.00000000000000000000 0.00000000000000000000 0.00000000000000000000 0.00000000000000000000
0.00000000000000000000 0.00000000000000000000 0.00000000000000000000 0.00000000000000000000 0.00000000000000000000 0.00000000000000000000
0.00000000000000000000 0.00000000000000000000 0.00000000000000000000 0.00000000000000000000 0.00000000000000000000 0.00000000000000000000
0.00000000000000000000 0.00000000000000000000 0.00000000000000000000 0.00000000000000000000 0.00000000000000000000 0.00000000000000000000
0.00000000000000000000 0.00000000000000000000 0.00000000000000000000 0.00000000000000000000 0.00000000000000000000 0.00000000000000000000
0.00000000000000000000 0.00000000000000000000 0.00000000000000000000 0.00000000000000000000 0.00000000000000000000 0.00000000000000000000
0.00000000000000000000 0.00000000000000000000 0.00000000000000000000 0.00000000000000000000 0.00000000000000000000 0.00000000000000000000
0.00000000000000000000 0.00000000000000000000 0.00000000000000000000 0.00000000000000000000 0.00000000000000000000 0.00000000000000000000
0.00000000000000000000 0.00000000000000000000 0.00000000000000000000 0.00000000000000000000 0.00000000000000000000 0.00000000000000000000
0.00000000000000000000 0.00000000000000000000 0.00000000000000000000 0.00000000000000000000 0.00000000000000000000 0.00000000000000000000
0.00000000000000000000 0.00000000000000000000 0.00000000000000000000 0.00000000000000000000 0.00000000000000000000 0.00000000000000000000
0.00000000000000000000 0.00000000000000000000 0.00000000000000000000 0.00000000000000000000 0.00000000000000000000 0.00000000000000000000
0.00000000000000000000 0.00000000000000000000 0.00000000000000000000 0.00000000000000000000 0.00000000000000000000 0.00000000000000000000
0.00000000000000000000 0.00000000000000000000 0.00000000000000000000 0.00000000000000000000 0.00000000000000000000 0.00000000000000000000
0.00000000000000000000 0.00000000000000000000 0.00000000000000000000 0.00000000000000000000 0.00000000000000000000 0.00000000000000000000
0.00000000000000000000 0.00000000000000000000 0.00000000000000000000 0.00000000000000000000 0.00000000000000000000 0.00000000000000000000
0.00000000000000000000 0.00000000000000000000 0.00000000000000000000 0.00000000000000000000 0.00000000000000000000 0.00000000000000000000
0.00000000000000000000 0.00000000000000000000 0.00000000000000000000 0.00000000000000000000 0.00000000000000000000 0.00000000000000000000
0.00000000000000000000 0.00000000000000000000 0.00000000000000000000 0.00000000000000000000 0.00000000000000000000 0.00000000000000000000
0.00000000000000000000 0.00000000000000000000 0.00000000000000000000 0.00000000000000000000 0.00000000000000000000 0.00000000000000000000
0.00000000000000000000 0.00000000000000000000 0.00000000000000000000 0.00000000000000000000 0.00000000000000000000 0.00000000000000000000
0.00000000000000000000 0.00000000000000000000 0.00000000000000000000 0.00000000000000000000 0.00000000000000000000 0.00000000000000000000
0.00000000000000000000 0.00000000000000000000 0.00000000000000000000 0.00000000000000000000 0.00000000000000000000 0.00000000000000000000
0.00000000000000000000 0.00000000000000000000 0.00000000000000000000 0.00000000000000000000 0.00000000000000000000 0.00000000000000000000
0.00000000000000000000 0.00000000000000000000 0.00000000000000000000 0.00000000000000000000 0.00000000000000000000 0.00000000000000000000
0.00000000000000000000 0.00000000000000000000 0.00000000000000000000 0.00000000000000000000 0.00000000000000000000 0.00000000000000000000
0.00000000000000000000 0.00000000000000000000 0.00000000000000000000 0.00000000000000000000 0.00000000000000000000 0.00000000000000000000
0.00000000000000000000 0.00000000000000000000 0.00000000000000000000 0.00000000000000000000 0.00000000000000000000 0.00000000000000000000
0.00000000000000000000 0.00000000000000000000 0.00000000000000000000 0.00000000000000000000 0.00000000000000000000 0.00000000000000000000
0.00000000000000000000 0.00000000000000000000 0.00000000000000000000 0.00000000000000000000 0.00000000000000000000 0.00000000000000000000
0.00000000000000000000 0.00000000000000000000 0.00000000000000000000 0.00000000000000000000 0.00000000000000000000 0.00000000000000000000
0.00000000000000000000 0.00000000000000000000 0.00000000000000000000 0.00000000000000000000 0.00000000000000000000 0.00000000000000000000
0.00000000000000000000 0.00000000000000000000 0.00000000000000000000 0.00000000000000000000 0.00000000000000000000 0.00000000000000000000
0.00000000000000000000 0.00000000000000000000 0.00000000000000000000 0.00000000000000000000 0.00000000000000000000 0.00000000000000000000
0.00000000000000000000 0.00000000000000000000 0.00000000000000000000 0.00000000000000000000 0.00000000000000000000 0.00000000000000000000
0.03150462745691356981 -0.01496745970772116185 -0.03585227557131639986 -0.06975647374689999958 0.26558335636100000032 -0.96156097840700005541
0.03476382939222698309 -0.02041904394549432650 -0.03431386046370972498 -0.06975647374689999958 0.26558335636100000032 -0.96156097840700005541
0.03803931983852133769 -0.01497976034974044315 -0.03585186088672565052 -0.06975647374689999958 0.26558335636100000032 -0.96156097840700005541
0.03478011790320791746 -0.00952817611196728198 -0.03739027599433232540 -0.06975647374689999958 0.26558335636100000032 -0.96156097840700005541
0.04131531166097461572 -0.00953964416810017778 -0.03739009672998083039 -0.06975647374689999958 0.26558335636100000032 -0.96156097840700005541
0.04459080210726896337 -0.00410036057234629617 -0.03892809715299674900 -0.06975647374689999958 0.26558335636100000032 -0.96156097840700005541
0.00000000000000000000 0.00000000000000000000 0.00000000000000000000 0.00000000000000000000 0.00000000000000000000 0.00000000000000000000
0.03805560834950226512 -0.00408889251621339864 -0.03892827641734824401 -0.06975647374689999958 0.26558335636100000032 -0.96156097840700005541
0.03152091596789450417 -0.00407659187419411820 -0.03892869110193899335 -0.06975647374689999958 0.26558335636100000032 -0.96156097840700005541
0.02498831789803232506 -0.00406657162343946558 -0.03892846261159828292 -0.06975647374689999958 0.26558335636100000032 -0.96156097840700005541
0.00000000000000000000 0.00000000000000000000 0.00000000000000000000 0.00000000000000000000 0.00000000000000000000 0.00000000000000000000
0.02824492414544121921 -0.00951670805583438445 -0.03739045525868382736 -0.06975647374689999958 0.26558335636100000032 -0.96156097840700005541
0.02944356165693962080 0.00960424905669444648 -0.03601610078873103415 -0.06975647374450000271 -0.24926685238400000943 -0.96591928786699998710
0.02616816928016117705 0.00417106563709965759 -0.03758492573345299792 -0.06975647374450000271 -0.24926685238400000943 -0.96591928786699998710
0.03270116149127463845 0.00416097755000528671 -0.03758492028880310726 -0.06975647374450000271 -0.24926685238400000943 -0.96591928786699998710
0.03597655386805308220 0.00959416096960007819 -0.03601609534408113655 -0.06975647374450000271 -0.24926685238400000943 -0.96591928786699998710
0.03923515370119586010 0.00415088791873717035 -0.03758491484331980687 -0.06975647374450000271 -0.24926685238400000943 -0.96591928786699998710
0.04576814591230932150 0.00414079983164280119 -0.03758490939866991620 -0.06975647374450000271 -0.24926685238400000943 -0.96591928786699998710
0.00000000000000000000 0.00000000000000000000 0.00000000000000000000 0.00000000000000000000 0.00000000000000000000 0.00000000000000000000
0.04250954607916654360 0.00958407288250570991 -0.03601608989943123895 -0.06975647374450000271 -0.24926685238400000943 -0.96591928786699998710
0.03925194624483152595 0.01502734438919486881 -0.03444727039935915891 -0.06975647374450000271 -0.24926685238400000943 -0.96591928786699998710
0.03599334196136799724 0.02046773498692956023 -0.03287928243133355494 -0.06975647374450000271 -0.24926685238400000943 -0.96591928786699998710
0.00000000000000000000 0.00000000000000000000 0.00000000000000000000 0.00000000000000000000 0.00000000000000000000 0.00000000000000000000
0.03271795403491030430 0.01503743402046298430 -0.03444727584484246624 -0.06975647374450000271 -0.24926685238400000943 -0.96591928786699998710
0.04863579457149089930 0.01362810133266200395 -0.03684971179652370143 -0.06975647374580000448 0.86156942754599996626 -0.50282417989700001204
0.05189632156157664850 0.00873701378210502491 -0.03970542804988447944 -0.06975647374580000448 0.86156942754599996626 -0.50282417989700001204
0.05517048816771144559 0.01361648199713208496 -0.03685048287110917475 -0.06975647374580000448 0.86156942754599996626 -0.50282417989700001204
0.05190996117762571027 0.01850756954768906226 -0.03399476661774839675 -0.06975647374580000448 0.86156942754599996626 -0.50282417989700001204
0.05844515594736624658 0.01849669710764590205 -0.03399510068863285245 -0.06975647374580000448 0.86156942754599996626 -0.50282417989700001204
0.06171932255350105062 0.02337616532267296557 -0.03114015550985754777 -0.06975647374580000448 0.86156942754599996626 -0.50282417989700001204
0.00000000000000000000 0.00000000000000000000 0.00000000000000000000 0.00000000000000000000 0.00000000000000000000 0.00000000000000000000
0.05518412778376050737 0.02338703776271612231 -0.03113982143897309901 -0.06975647374580000448 0.86156942754599996626 -0.50282417989700001204
0.04864943418753995413 0.02339865709824604303 -0.03113905036438762569 -0.06975647374580000448 0.86156942754599996626 -0.50282417989700001204
0.04211683545713506421 0.02340823043228462338 -0.03113947319729935825 -0.06975647374580000448 0.86156942754599996626 -0.50282417989700001204
0.00000000000000000000 0.00000000000000000000 0.00000000000000000000 0.00000000000000000000 0.00000000000000000000 0.00000000000000000000
0.04537476640788516008 0.01851844198773222247 -0.03399443254686394800 -0.06975647374580000448 0.86156942754599996626 -0.50282417989700001204
0.05613131833555153744 -0.02340662834294315875 -0.03199888025709208411 -0.06975647374139999635 -0.86156942754999998879 -0.50282417988999994485
0.06266651615592866431 -0.02341547906544604041 -0.03199921678243321937 -0.06975647374139999635 -0.86156942754999998879 -0.50282417988999994485
0.05940711236959600461 -0.01851033430318806128 -0.03482692447930244711 -0.06975647374139999635 -0.86156942754999998879 -0.50282417988999994485
0.05287191454921889161 -0.01850148358068518309 -0.03482658795396130491 -0.06975647374139999635 -0.86156942754999998879 -0.50282417988999994485
0.05614720966947391728 -0.01360443871515904304 -0.03765506501065764983 -0.06975647374139999635 -0.86156942754999998879 -0.50282417988999994485
0.05288780588314127146 -0.00869929395290106391 -0.04048277270752688450 -0.06975647374139999635 -0.86156942754999998879 -0.50282417988999994485
0.00000000000000000000 0.00000000000000000000 0.00000000000000000000 0.00000000000000000000 0.00000000000000000000 0.00000000000000000000
0.04961251076288623191 -0.01359633881842720743 -0.03765429565083053265 -0.06975647374139999635 -0.86156942754999998879 -0.50282417988999994485
0.04633671672884176473 -0.01849263285818230143 -0.03482625142862016965 -0.06975647374139999635 -0.86156942754999998879 -0.50282417988999994485
0.04306402156254626745 -0.02338838226589668584 -0.03199852405750211459 -0.06975647374139999635 -0.86156942754999998879 -0.50282417988999994485
0.00000000000000000000 0.00000000000000000000 0.00000000000000000000 0.00000000000000000000 0.00000000000000000000 0.00000000000000000000
0.04959661942896384512 -0.02339852844621132313 -0.03199811089726497387 -0.06975647374139999635 -0.86156942754999998879 -0.50282417988999994485
0.05996542608697834342 -0.03217529002062813337 -0.02089732139351074824 -0.06975647374089999353 -0.49731582651000000306 -0.86476066230699999426
0.06323692004560249602 -0.02932109404094716126 -0.02578196893332962425 -0.06975647374089999353 -0.49731582651000000306 -0.86476066230699999426
0.05670392812749319722 -0.02931081795617002106 -0.02578196947215605564 -0.06975647374089999353 -0.49731582651000000306 -0.86476066230699999426
0.05343243416886904462 -0.03216501393585099317 -0.02089732193233717963 -0.06975647374089999353 -0.49731582651000000306 -0.86476066230699999426
0.05016993621062099118 -0.02930054029844250674 -0.02578197001106496619 -0.06975647374089999353 -0.49731582651000000306 -0.86476066230699999426
0.04363694429251169238 -0.02929026421366536306 -0.02578197054989139758 -0.06975647374089999353 -0.49731582651000000306 -0.86476066230699999426
0.00000000000000000000 0.00000000000000000000 0.00000000000000000000 0.00000000000000000000 0.00000000000000000000 0.00000000000000000000
0.04689944225075974582 -0.03215473785107385296 -0.02089732247116361102 -0.06975647374089999353 -0.49731582651000000306 -0.86476066230699999426
0.05016094021024487815 -0.03501920991553196527 -0.01601267439251830016 -0.06975647374089999353 -0.49731582651000000306 -0.86476066230699999426
0.05342344055259197477 -0.03788216800445536048 -0.01113061534973182679 -0.06975647374089999353 -0.49731582651000000306 -0.86476066230699999426
0.00000000000000000000 0.00000000000000000000 0.00000000000000000000 0.00000000000000000000 0.00000000000000000000 0.00000000000000000000
0.05669493212711709806 -0.03502948757325947959 -0.01601267385360939308 -0.06975647374089999353 -0.49731582651000000306 -0.86476066230699999426
0.00000000000000000000 0.00000000000000000000 0.00000000000000000000 0.00000000000000000000 0.00000000000000000000 0.00000000000000000000
0.00000000000000000000 0.00000000000000000000 0.00000000000000000000 0.00000000000000000000 0.00000000000000000000 0.00000000000000000000
0.00000000000000000000 0.00000000000000000000 0.00000000000000000000 0.00000000000000000000 0.00000000000000000000 0.00000000000000000000
0.00000000000000000000 0.00000000000000000000 0.00000000000000000000 0.00000000000000000000 0.00000000000000000000 0.00000000000000000000
0.00000000000000000000 0.00000000000000000000 0.00000000000000000000 0.00000000000000000000 0.00000000000000000000 0.00000000000000000000
0.00000000000000000000 0.00000000000000000000 0.00000000000000000000 0.00000000000000000000 0.00000000000000000000 0.00000000000000000000
0.00000000000000000000 0.00000000000000000000 0.00000000000000000000 0.00000000000000000000 0.00000000000000000000 0.00000000000000000000
0.00000000000000000000 0.00000000000000000000 0.00000000000000000000 0.00000000000000000000 0.00000000000000000000 0.00000000000000000000
0.00000000000000000000 0.00000000000000000000 0.00000000000000000000 0.00000000000000000000 0.00000000000000000000 0.00000000000000000000
0.00000000000000000000 0.00000000000000000000 0.00000000000000000000 0.00000000000000000000 0.00000000000000000000 0.00000000000000000000
0.00000000000000000000 0.00000000000000000000 0.00000000000000000000 0.00000000000000000000 0.00000000000000000000 0.00000000000000000000
0.00000000000000000000 0.00000000000000000000 0.00000000000000000000 0.00000000000000000000 0.00000000000000000000 0.00000000000000000000
0.06502021721104431218 -0.01503805333030073903 -0.03833413324363048325 -0.06975647375299999509 0.24926685237999998690 -0.96591928786699998710
0.06827931531886415051 -0.02051408569515809216 -0.03688491343192490390 -0.06975647375299999509 0.24926685237999998690 -0.96591928786699998710
0.07155490943878585475 -0.01505043623377536229 -0.03833374286448989338 -0.06975647375299999509 0.24926685237999998690 -0.96591928786699998710
0.06829581133096603029 -0.00957440386891801436 -0.03978296267619547966 -0.06975647375299999509 0.24926685237999998690 -0.96591928786699998710
0.07483100495073570502 -0.00958595045684673686 -0.03978279406797676637 -0.06975647375299999509 0.24926685237999998690 -0.96591928786699998710
0.07810659907065740926 -0.00412230099546401045 -0.04123162350054176278 -0.06975647375299999509 0.24926685237999998690 -0.96591928786699998710
0.00000000000000000000 0.00000000000000000000 0.00000000000000000000 0.00000000000000000000 0.00000000000000000000 0.00000000000000000000
0.07157140545088772066 -0.00411075440753528795 -0.04123179210876047607 -0.06975647375299999509 0.24926685237999998690 -0.96591928786699998710
0.06503671322314617809 -0.00409837150406066556 -0.04123218248790107288 -0.06975647375299999509 0.24926685237999998690 -0.96591928786699998710
0.05850411526372832627 -0.00408827922150812369 -0.04123196698258093512 -0.06975647375299999509 0.24926685237999998690 -0.96591928786699998710
0.00000000000000000000 0.00000000000000000000 0.00000000000000000000 0.00000000000000000000 0.00000000000000000000 0.00000000000000000000
0.06176061771119634169 -0.00956285728098929186 -0.03978313128441419988 -0.06975647375299999509 0.24926685237999998690 -0.96591928786699998710
0.06181024263801888907 0.00955907935966924908 -0.03933005402944202838 -0.06975647373839999332 -0.26558335635899998906 -0.96156097840800003329
0.05853477550283955194 0.00410098237847075862 -0.04080970986449014570 -0.06975647373839999332 -0.26558335635899998906 -0.96156097840800003329
0.06506776764709533423 0.00409085108702297081 -0.04080970479008568658 -0.06975647373839999332 -0.26558335635899998906 -0.96156097840800003329
0.06834323478227466442 0.00954894806822146475 -0.03933004895503756232 -0.06975647373839999332 -0.26558335635899998906 -0.96156097840800003329
0.07160175979014865577 0.00408071824478818939 -0.04080969971490447379 -0.06975647373839999332 -0.26558335635899998906 -0.96156097840800003329
0.07813475193440443112 0.00407058695334040418 -0.04080969464050000772 -0.06975647373839999332 -0.26558335635899998906 -0.96156097840800003329
0.00000000000000000000 0.00000000000000000000 0.00000000000000000000 0.00000000000000000000 0.00000000000000000000 0.00000000000000000000
0.07487622692653046752 0.00953881677677368041 -0.03933004388063308931 -0.06975647373839999332 -0.26558335635899998906 -0.96156097840800003329
0.07161870191745400849 0.01500704504941996129 -0.03785039311998943806 -0.06975647373839999332 -0.26558335635899998906 -0.96156097840800003329
0.06836017241961696300 0.02047237920320536114 -0.03637152662865474062 -0.06975647373839999332 -0.26558335635899998906 -0.96156097840800003329
0.00000000000000000000 0.00000000000000000000 0.00000000000000000000 0.00000000000000000000 0.00000000000000000000 0.00000000000000000000
0.06508470977440068694 0.01501717789165474271 -0.03785039819517063697 -0.06975647373839999332 -0.26558335635899998906 -0.96156097840800003329
0.00000000000000000000 0.00000000000000000000 0.00000000000000000000 0.00000000000000000000 0.00000000000000000000 0.00000000000000000000
0.00000000000000000000 0.00000000000000000000 0.00000000000000000000 0.00000000000000000000 0.00000000000000000000 0.00000000000000000000
0.00000000000000000000 0.00000000000000000000 0.00000000000000000000 0.00000000000000000000 0.00000000000000000000 0.00000000000000000000
0.00000000000000000000 0.00000000000000000000 0.00000000000000000000 0.00000000000000000000 0.00000000000000000000 0.00000000000000000000
0.00000000000000000000 0.00000000000000000000 0.00000000000000000000 0.00000000000000000000 0.00000000000000000000 0.00000000000000000000
0.00000000000000000000 0.00000000000000000000 0.00000000000000000000 0.00000000000000000000 0.00000000000000000000 0.00000000000000000000
0.00000000000000000000 0.00000000000000000000 0.00000000000000000000 0.00000000000000000000 0.00000000000000000000 0.00000000000000000000
0.00000000000000000000 0.00000000000000000000 0.00000000000000000000 0.00000000000000000000 0.00000000000000000000 0.00000000000000000000
0.00000000000000000000 0.00000000000000000000 0.00000000000000000000 0.00000000000000000000 0.00000000000000000000 0.00000000000000000000
0.00000000000000000000 0.00000000000000000000 0.00000000000000000000 0.00000000000000000000 0.00000000000000000000 0.00000000000000000000
0.00000000000000000000 0.00000000000000000000 0.00000000000000000000 0.00000000000000000000 0.00000000000000000000 0.00000000000000000000
0.00000000000000000000 0.00000000000000000000 0.00000000000000000000 0.00000000000000000000 0.00000000000000000000 0.00000000000000000000
0.00000000000000000000 0.00000000000000000000 0.00000000000000000000 0.00000000000000000000 0.00000000000000000000 0.00000000000000000000
0.00000000000000000000 0.00000000000000000000 0.00000000000000000000 0.00000000000000000000 0.00000000000000000000 0.00000000000000000000
0.00000000000000000000 0.00000000000000000000 0.00000000000000000000 0.00000000000000000000 0.00000000000000000000 0.00000000000000000000
0.00000000000000000000 0.00000000000000000000 0.00000000000000000000 0.00000000000000000000 0.00000000000000000000 0.00000000000000000000
0.00000000000000000000 0.00000000000000000000 0.00000000000000000000 0.00000000000000000000 0.00000000000000000000 0.00000000000000000000
0.00000000000000000000 0.00000000000000000000 0.00000000000000000000 0.00000000000000000000 0.00000000000000000000 0.00000000000000000000
0.00000000000000000000 0.00000000000000000000 0.00000000000000000000 0.00000000000000000000 0.00000000000000000000 0.00000000000000000000
0.00000000000000000000 0.00000000000000000000 0.00000000000000000000 0.00000000000000000000 0.00000000000000000000 0.00000000000000000000
0.00000000000000000000 0.00000000000000000000 0.00000000000000000000 0.00000000000000000000 0.00000000000000000000 0.00000000000000000000
0.00000000000000000000 0.00000000000000000000 0.00000000000000000000 0.00000000000000000000 0.00000000000000000000 0.00000000000000000000
0.00000000000000000000 0.00000000000000000000 0.00000000000000000000 0.00000000000000000000 0.00000000000000000000 0.00000000000000000000
0.00000000000000000000 0.00000000000000000000 0.00000000000000000000 0.00000000000000000000 0.00000000000000000000 0.00000000000000000000
0.00000000000000000000 0.00000000000000000000 0.00000000000000000000 0.00000000000000000000 0.00000000000000000000 0.00000000000000000000
0.00000000000000000000 0.00000000000000000000 0.00000000000000000000 0.00000000000000000000 0.00000000000000000000 0.00000000000000000000
0.00000000000000000000 0.00000000000000000000 0.00000000000000000000 0.00000000000000000000 0.00000000000000000000 0.00000000000000000000
0.00000000000000000000 0.00000000000000000000 0.00000000000000000000 0.00000000000000000000 0.00000000000000000000 0.00000000000000000000
0.00000000000000000000 0.00000000000000000000 0.00000000000000000000 0.00000000000000000000 0.00000000000000000000 0.00000000000000000000
0.00000000000000000000 0.00000000000000000000 0.00000000000000000000 0.00000000000000000000 0.00000000000000000000 0.00000000000000000000
0.00000000000000000000 0.00000000000000000000 0.00000000000000000000 0.00000000000000000000 0.00000000000000000000 0.00000000000000000000
0.00000000000000000000 0.00000000000000000000 0.00000000000000000000 0.00000000000000000000 0.00000000000000000000 0.00000000000000000000
0.00000000000000000000 0.00000000000000000000 0.00000000000000000000 0.00000000000000000000 0.00000000000000000000 0.00000000000000000000
0.00000000000000000000 0.00000000000000000000 0.00000000000000000000 0.00000000000000000000 0.00000000000000000000 0.00000000000000000000
0.00000000000000000000 0.00000000000000000000 0.00000000000000000000 0.00000000000000000000 0.00000000000000000000 0.00000000000000000000
0.00000000000000000000 0.00000000000000000000 0.00000000000000000000 0.00000000000000000000 0.00000000000000000000 0.00000000000000000000
0.00000000000000000000 0.00000000000000000000 0.00000000000000000000 0.00000000000000000000 0.00000000000000000000 0.00000000000000000000
0.00000000000000000000 0.00000000000000000000 0.00000000000000000000 0.00000000000000000000 0.00000000000000000000 0.00000000000000000000
0.00000000000000000000 0.00000000000000000000 0.00000000000000000000 0.00000000000000000000 0.00000000000000000000 0.00000000000000000000
0.00000000000000000000 0.00000000000000000000 0.00000000000000000000 0.00000000000000000000 0.00000000000000000000 0.00000000000000000000
0.00000000000000000000 0.00000000000000000000 0.00000000000000000000 0.00000000000000000000 0.00000000000000000000 0.00000000000000000000
0.00000000000000000000 0.00000000000000000000 0.00000000000000000000 0.00000000000000000000 0.00000000000000000000 0.00000000000000000000
0.00000000000000000000 0.00000000000000000000 0.00000000000000000000 0.00000000000000000000 0.00000000000000000000 0.00000000000000000000
0.00000000000000000000 0.00000000000000000000 0.00000000000000000000 0.00000000000000000000 0.00000000000000000000 0.00000000000000000000
0.00000000000000000000 0.00000000000000000000 0.00000000000000000000 0.00000000000000000000 0.00000000000000000000 0.00000000000000000000
0.00000000000000000000 0.00000000000000000000 0.00000000000000000000 0.00000000000000000000 0.00000000000000000000 0.00000000000000000000
0.00000000000000000000 0.00000000000000000000 0.00000000000000000000 0.00000000000000000000 0.00000000000000000000 0.00000000000000000000
0.00000000000000000000 0.00000000000000000000 0.00000000000000000000 0.00000000000000000000 0.00000000000000000000 0.00000000000000000000
0.04700050486224294222 0.03209554165191951663 -0.02072183045955364525 -0.06975647375299999509 0.49731582650900002518 -0.86476066230699999426
0.04372906760668983372 0.02926806982426474399 -0.02562203355195682639 -0.06975647375299999509 0.49731582650900002518 -0.86476066230699999426
0.05026205953737203358 0.02925780174585287594 -0.02562201916272219271 -0.06975647375299999509 0.49731582650900002518 -0.86476066230699999426
0.05353349679292514207 0.03208527357350764858 -0.02072181607031901157 -0.06975647375299999509 0.49731582650900002518 -0.86476066230699999426
0.05679605146681905581 0.02924753209571617080 -0.02562200477128500839 -0.06975647375299999509 0.49731582650900002518 -0.86476066230699999426
0.06332904339750125566 0.02923726401730430621 -0.02562199038205036777 -0.06975647375299999509 0.49731582650900002518 -0.86476066230699999426
0.00000000000000000000 0.00000000000000000000 0.00000000000000000000 0.00000000000000000000 0.00000000000000000000 0.00000000000000000000
0.06006648872360734193 0.03207500549509577359 -0.02072180168108437789 -0.06975647375299999509 0.49731582650900002518 -0.86476066230699999426
0.05680493404847826444 0.03491274540116241776 -0.01582161297791583043 -0.06975647375299999509 0.49731582650900002518 -0.86476066230699999426
0.05354237702054326364 0.03774898549733585185 -0.01092402155392688083 -0.06975647375299999509 0.49731582650900002518 -0.86476066230699999426
0.00000000000000000000 0.00000000000000000000 0.00000000000000000000 0.00000000000000000000 0.00000000000000000000 0.00000000000000000000
0.05027094211903122833 0.03492301505129911943 -0.01582162736935301822 -0.06975647375299999509 0.49731582650900002518 -0.86476066230699999426
