name    rightHand
spatial_sampling    taxel
taxel2Repr ( 3 3 3 3 3 3 -2 3 3 3 -2 3 15 15 15 15 15 15 -2 15 15 15 -2 15 27 27 27 27 27 27 -2 27 27 27 -2 27 39 39 39 39 39 39 -2 39 39 39 -2 39 51 51 51 51 51 51 -2 51 51 51 -2 51 63 63 63 63 63 63 -2 63 63 63 -2 63 75 75 75 75 75 75 -2 75 75 75 -2 75 87 87 87 87 87 87 -2 87 87 87 -2 87 99 99 99 99 99 99 -2 99 99 99 -2 99 111 111 111 111 111 111 -2 111 111 111 -2 111 123 123 123 123 123 123 -2 123 123 123 -2 123 135 135 135 135 135 135 -2 135 135 135 -2 135 147 147 147 147 147 147 -2 147 147 147 -2 147 159 159 159 159 159 159 -2 159 159 159 -2 159 171 171 171 171 171 171 -2 171 171 171 -2 171 183 183 183 183 183 183 -2 183 183 183 -2 183 -1 -1 -1 -1 -1 -1 -1 -1 -1 -1 -1 -1 -1 -1 -1 -1 -1 -1 -1 -1 -1 -1 -1 -1 -1 -1 -1 -1 -1 -1 -1 -1 -1 -1 -1 -1 231 231 231 231 231 231 -2 231 231 231 -2 231 243 243 243 243 243 243 -2 243 243 243 -2 243 255 255 255 255 255 255 -2 255 255 255 -2 255 267 267 267 267 267 267 -2 267 267 267 -2 267 279 279 279 279 279 279 -2 279 279 279 -2 279 -1 -1 -1 -1 -1 -1 -1 -1 -1 -1 -1 -1 303 303 303 303 303 303 -2 303 303 303 -2 303 315 315 315 315 315 315 -2 315 315 315 -2 315 -1 -1 -1 -1 -1 -1 -1 -1 -1 -1 -1 -1 -1 -1 -1 -1 -1 -1 -1 -1 -1 -1 -1 -1 -1 -1 -1 -1 -1 -1 -1 -1 -1 -1 -1 -1 -1 -1 -1 -1 -1 -1 -1 -1 -1 -1 -1 -1 375 375 375 375 375 375 -2 375 375 375 -2 375 )
[calibration]
0.00000000000000000000 0.00000000000000000000 0.00000000000000000000 -0.06975647374240000198 -0.39278735937300002234 0.91697989328399998055
0.00000066299905257527 0.00397287862975607281 -0.00518894246968105641 -0.06975647374240000198 -0.39278735937300002234 0.91697989328399998055
0.00565842295990366673 0.00198712602316641201 -0.00259536813860575602 -0.06975647374240000198 -0.39278735937300002234 0.91697989328399998055
0.00565775996085107757 -0.00198575260658966080 0.00259357433107530733 -0.06975647374240000198 -0.39278735937300002234 0.91697989328399998055
0.01131704894860731392 0.00000106945934322256 -0.00000139681161263547 -0.06975647374240000198 -0.39278735937300002234 0.91697989328399998055
0.01697480890945839843 -0.00198468314724643824 0.00259217751946266492 -0.06975647374240000198 -0.39278735937300002234 0.91697989328399998055
0.00000000000000000000 0.00000000000000000000 0.00000000000000000000 0.00000000000000000000 0.00000000000000000000 0.00000000000000000000
0.01131551992170216903 -0.00397150521317932853 0.00518714866215060771 -0.06975647374240000198 -0.39278735937300002234 0.91697989328399998055
0.00565709696179850230 -0.00595863123634574054 0.00778251680075636373 -0.06975647374240000198 -0.39278735937300002234 0.91697989328399998055
-0.00000069203868208190 -0.00794387387629920394 0.01037542506881205390 -0.06975647374240000198 -0.39278735937300002234 0.91697989328399998055
0.00000000000000000000 0.00000000000000000000 0.00000000000000000000 0.00000000000000000000 0.00000000000000000000 0.00000000000000000000
-0.00000152902690515877 -0.00397257467252255109 0.00518854547376324665 -0.06975647374240000198 -0.39278735937300002234 0.91697989328399998055
0.00000000000000000000 0.00000000000000000000 0.00000000000000000000 -0.06975647374979999926 -0.00000000000241920343 0.99756405025899996808
-0.00565931299731661785 0.00293741358418693477 -0.00143271310241695898 -0.06975647374979999926 -0.00000000000241920343 0.99756405025899996808
-0.00000157703340744608 0.00587332073284681233 -0.00286469144622546884 -0.06975647374979999926 -0.00000000000241920343 0.99756405025899996808
0.00565773596390917177 0.00293590714865987756 -0.00143197834380850986 -0.06975647374979999926 -0.00000000000241920343 0.99756405025899996808
0.00565702495468112243 0.00880967727797823952 -0.00429688898157597546 -0.06975647374979999926 -0.00000000000241920343 0.99756405025899996808
0.01131476091859028726 0.01174558442663811708 -0.00572886732538448878 -0.06975647374979999926 -0.00000000000241920343 0.99756405025899996808
0.00000000000000000000 0.00000000000000000000 0.00000000000000000000 0.00000000000000000000 0.00000000000000000000 0.00000000000000000000
0.01131547192781835048 0.00587181429731975513 -0.00286395668761701971 -0.06975647374979999926 -0.00000000000241920343 0.99756405025899996808
0.01131704896122579657 -0.00000150643552705720 0.00000073475860845607 -0.06975647374979999926 -0.00000000000241920343 0.99756405025899996808
0.01131625996409169749 -0.00587294144548672001 0.00286450645015502714 -0.06975647374979999926 -0.00000000000241920343 0.99756405025899996808
0.00000000000000000000 0.00000000000000000000 0.00000000000000000000 0.00000000000000000000 0.00000000000000000000 0.00000000000000000000
0.00565844697313724887 -0.00293786298065848786 0.00143293229395895921 -0.06975647374979999926 -0.00000000000241920343 0.99756405025899996808
0.00000000000000000000 0.00000000000000000000 0.00000000000000000000 -0.06975647375110000104 0.39278735936699998854 0.91697989328600004733
0.00000066299905258915 0.00651928436076882473 0.00045587277157915773 -0.06975647375110000104 0.39278735936699998854 0.91697989328600004733
0.00565842295990366673 0.00326076903247882882 0.00022801518296408640 -0.06975647375110000104 0.39278735936699998854 0.91697989328600004733
0.00565775996085109145 -0.00325851532828999590 -0.00022785758861507133 -0.06975647375110000104 0.39278735936699998854 0.91697989328600004733
0.01131704894860732780 0.00000175492639481814 0.00000012271640800754 -0.06975647375110000104 0.39278735936699998854 0.91697989328600004733
0.01697480890945841231 -0.00325676040189518123 -0.00022773487220706379 -0.06975647375110000104 0.39278735936699998854 0.91697989328600004733
0.00000000000000000000 0.00000000000000000000 0.00000000000000000000 0.00000000000000000000 0.00000000000000000000 0.00000000000000000000
0.01131551992170218290 -0.00651703065657999528 -0.00045571517723014959 -0.06975647375110000104 0.39278735936699998854 0.91697989328600004733
0.00565709696179851618 -0.00977779968905882410 -0.00068373036019423600 -0.06975647375110000104 0.39278735936699998854 0.91697989328600004733
-0.00000069203868206802 -0.01303547818898689176 -0.00091152943206980475 -0.06975647375110000104 0.39278735936699998854 0.91697989328600004733
0.00000000000000000000 0.00000000000000000000 0.00000000000000000000 0.00000000000000000000 0.00000000000000000000 0.00000000000000000000
-0.00000152902690514489 -0.00651878558297481342 -0.00045583789363815713 -0.06975647375110000104 0.39278735936699998854 0.91697989328600004733
0.00000000000000000000 0.00000000000000000000 0.00000000000000000000 -0.06975647374469999551 0.73147310891700001445 0.67829280204200004256
-0.00565931299731661785 0.00293741358417713358 0.00143271310243706790 -0.06975647374469999551 0.73147310891700001445 0.67829280204200004256
-0.00000157703340744608 0.00587332073282720822 0.00286469144626566585 -0.06975647374469999551 0.73147310891700001445 0.67829280204200004256
0.00565773596390917177 0.00293590714865007638 0.00143197834382860489 -0.06975647374469999551 0.73147310891700001445 0.67829280204200004256
0.00565702495468112243 0.00880967727794883769 0.00429688898163626404 -0.06975647374469999551 0.73147310891700001445 0.67829280204200004256
0.01131476091859028726 0.01174558442659891407 0.00572886732546486893 -0.06975647374469999551 0.73147310891700001445 0.67829280204200004256
0.00000000000000000000 0.00000000000000000000 0.00000000000000000000 0.00000000000000000000 0.00000000000000000000 0.00000000000000000000
0.01131547192781835048 0.00587181429730015449 0.00286395668765720979 -0.06975647374469999551 0.73147310891700001445 0.67829280204200004256
0.01131704896122579657 -0.00000150643552705373 -0.00000073475860845607 -0.06975647374469999551 0.73147310891700001445 0.67829280204200004256
0.01131625996409169749 -0.00587294144546712110 -0.00286450645019521027 -0.06975647374469999551 0.73147310891700001445 0.67829280204200004256
0.00000000000000000000 0.00000000000000000000 0.00000000000000000000 0.00000000000000000000 0.00000000000000000000 0.00000000000000000000
0.00565844697313723499 -0.00293786298064867973 -0.00143293229397905425 -0.06975647374469999551 0.73147310891700001445 0.67829280204200004256
0.00000000000000000000 0.00000000000000000000 0.00000000000000000000 -0.06975647373990000177 0.75108640515100000279 0.65650837494199998368
-0.00565999999999999143 -0.00295822402702487081 -0.00138643413328320628 -0.06975647373990000177 0.75108640515100000279 0.65650837494199998368
-0.00565999999999999143 0.00295731854063765662 0.00138600975797458642 -0.06975647373990000177 0.75108640515100000279 0.65650837494199998368
0.00000000000000000000 0.00591554256766253089 0.00277244389125778923 -0.06975647373990000177 0.75108640515100000279 0.65650837494199998368
-0.00565999999999999143 0.00887376659468739996 0.00415887802454099204 -0.06975647373990000177 0.75108640515100000279 0.65650837494199998368
-0.00565999999999999837 0.01478930916234993086 0.00693132191579878126 -0.06975647373990000177 0.75108640515100000279 0.65650837494199998368
0.00000000000000000000 0.00000000000000000000 0.00000000000000000000 0.00000000000000000000 0.00000000000000000000 0.00000000000000000000
0.00000000000000000000 0.01183108513532506005 0.00554488778251557152 -0.06975647373990000177 0.75108640515100000279 0.65650837494199998368
0.00565999999999999837 0.00887376659468739996 0.00415887802454099204 -0.06975647373990000177 0.75108640515100000279 0.65650837494199998368
0.01131700000000000761 0.00591554256766253089 0.00277244389125778923 -0.06975647373990000177 0.75108640515100000279 0.65650837494199998368
0.00000000000000000000 0.00000000000000000000 0.00000000000000000000 0.00000000000000000000 0.00000000000000000000 0.00000000000000000000
0.00565999999999999837 0.00295731854063765662 0.00138600975797458642 -0.06975647373990000177 0.75108640515100000279 0.65650837494199998368
0.00000000000000000000 0.00000000000000000000 0.00000000000000000000 -0.06975647375210000667 0.96142644723899994830 0.26606995493500001926
-0.00565931299731661785 0.00214559405792877703 0.00246525689066756648 -0.06975647375210000667 0.96142644723899994830 0.26606995493500001926
-0.00000157703340743914 0.00429008776038397946 0.00492924948863102813 -0.06975647375210000667 0.96142644723899994830 0.26606995493500001926
0.00565773596390917871 0.00214449370245520243 0.00246399259796346165 -0.06975647375210000667 0.96142644723899994830 0.26606995493500001926
0.00565702495468111549 0.00643490971841892065 0.00739361924756157252 -0.06975647375210000667 0.96142644723899994830 0.26606995493500001926
0.01131476091859028726 0.00857940342087411961 0.00985761184552503417 -0.06975647375210000667 0.96142644723899994830 0.26606995493500001926
0.00000000000000000000 0.00000000000000000000 0.00000000000000000000 0.00000000000000000000 0.00000000000000000000 0.00000000000000000000
0.01131547192781835048 0.00428898740491040140 0.00492798519592692330 -0.06975647375210000667 0.96142644723899994830 0.26606995493500001926
0.01131704896122579657 -0.00000110035547357112 -0.00000126429270410830 -0.06975647375210000667 0.96142644723899994830 0.26606995493500001926
0.01131625996409169749 -0.00428981071505728229 -0.00492893116751239729 -0.06975647375210000667 0.96142644723899994830 0.26606995493500001926
0.00000000000000000000 0.00000000000000000000 0.00000000000000000000 0.00000000000000000000 0.00000000000000000000 0.00000000000000000000
0.00565844697313722805 -0.00214592231350851231 -0.00246563405163464922 -0.06975647375210000667 0.96142644723899994830 0.26606995493500001926
0.00000000000000000000 0.00000000000000000000 0.00000000000000000000 -0.06975647375309999842 0.97286880527700003718 0.22059084770099998685
-0.00565999999999999837 -0.00221598258424180600 -0.00240056455575287514 -0.06975647375309999842 0.97286880527700003718 0.22059084770099998685
-0.00565999999999999837 0.00221530429143977636 0.00239982976403087592 -0.06975647375309999842 0.97286880527700003718 0.22059084770099998685
0.00000000000000000000 0.00443128687568159277 0.00480039431978375106 -0.06975647375309999842 0.97286880527700003718 0.22059084770099998685
-0.00565999999999999837 0.00664726945992340224 0.00720095887553662273 -0.06975647375309999842 0.97286880527700003718 0.22059084770099998685
-0.00565999999999999837 0.01107855633560499153 0.01200135319532037378 -0.06975647375309999842 0.97286880527700003718 0.22059084770099998685
0.00000000000000000000 0.00000000000000000000 0.00000000000000000000 0.00000000000000000000 0.00000000000000000000 0.00000000000000000000
0.00000000000000000000 0.00886257375136318207 0.00960078863956750558 -0.06975647375309999842 0.97286880527700003718 0.22059084770099998685
0.00565999999999999837 0.00664726945992340224 0.00720095887553662273 -0.06975647375309999842 0.97286880527700003718 0.22059084770099998685
0.01131699999999999373 0.00443128687568159277 0.00480039431978375106 -0.06975647375309999842 0.97286880527700003718 0.22059084770099998685
0.00000000000000000000 0.00000000000000000000 0.00000000000000000000 0.00000000000000000000 0.00000000000000000000 0.00000000000000000000
0.00565999999999999837 0.00221530429143977636 0.00239982976403087592 -0.06975647375309999842 0.97286880527700003718 0.22059084770099998685
0.00000000000000000000 0.00000000000000000000 0.00000000000000000000 -0.06975647374729999906 0.79092841975399996723 0.60791962395999998847
-0.00000071100922807710 -0.00599265046816495339 -0.00260711120991572592 -0.06975647374729999906 0.79092841975399996723 0.60791962395999998847
-0.00565844697313723499 -0.00299732294230769733 -0.00130398965935699801 -0.06975647374729999906 0.79092841975399996723 0.60791962395999998847
-0.00565773596390917177 0.00299532752585725606 0.00130312155055872791 -0.06975647374729999906 0.79092841975399996723 0.60791962395999998847
-0.01131704896122578963 -0.00000153692455914095 -0.00000066864124116661 -0.06975647374729999906 0.79092841975399996723 0.60791962395999998847
-0.01697478492513497528 0.00299379060129811511 0.00130245290931756130 -0.06975647374729999906 0.79092841975399996723 0.60791962395999998847
0.00000000000000000000 0.00000000000000000000 0.00000000000000000000 0.00000000000000000000 0.00000000000000000000 0.00000000000000000000
-0.01131547192781835742 0.00599065505171451212 0.00260624310111745583 -0.06975647374729999906 0.79092841975399996723 0.60791962395999998847
-0.00565702495468112243 0.00898797799402220772 0.00391023276047446078 -0.06975647374729999906 0.79092841975399996723 0.60791962395999998847
0.00000078803627334700 0.01198246006415982709 0.00521298649430570332 -0.06975647374729999906 0.79092841975399996723 0.60791962395999998847
0.00000000000000000000 0.00000000000000000000 0.00000000000000000000 0.00000000000000000000 0.00000000000000000000 0.00000000000000000000
0.00000157703340744608 0.00599219197627365308 0.00260691174235862938 -0.06975647374729999906 0.79092841975399996723 0.60791962395999998847
0.00000000000000000000 0.00000000000000000000 0.00000000000000000000 -0.06975647374950000312 -0.00000000000254461067 0.99756405025899996808
-0.00565999999999999837 -0.00325904175219615157 -0.00022789439976056425 -0.06975647374950000312 -0.00000000000254461067 0.99756405025899996808
-0.00565999999999999837 0.00325804418814589630 0.00022782464328681418 -0.06975647374950000312 -0.00000000000254461067 0.99756405025899996808
0.00000000000000000000 0.00651708594034204960 0.00045571904304737842 -0.06975647374950000312 -0.00000000000254461067 0.99756405025899996808
-0.00565999999999999837 0.00977612769253819944 0.00068361344280794267 -0.06975647374950000312 -0.00000000000254461067 0.99756405025899996808
-0.00565999999999999837 0.01629321363288024904 0.00113933248585532804 -0.06975647374950000312 -0.00000000000254461067 0.99756405025899996808
0.00000000000000000000 0.00000000000000000000 0.00000000000000000000 0.00000000000000000000 0.00000000000000000000 0.00000000000000000000
0.00000000000000000000 0.01303417188068409574 0.00091143808609476379 -0.06975647374950000312 -0.00000000000254461067 0.99756405025899996808
0.00565999999999999837 0.00977612769253820291 0.00068361344280794267 -0.06975647374950000312 -0.00000000000254461067 0.99756405025899996808
0.01131700000000000761 0.00651708594034204960 0.00045571904304737842 -0.06975647374950000312 -0.00000000000254461067 0.99756405025899996808
0.00000000000000000000 0.00000000000000000000 0.00000000000000000000 0.00000000000000000000 0.00000000000000000000 0.00000000000000000000
0.00565999999999999837 0.00325804418814589630 0.00022782464328681418 -0.06975647374950000312 -0.00000000000254461067 0.99756405025899996808
0.00000000000000000000 0.00000000000000000000 0.00000000000000000000 -0.06975647374950000312 0.41860295859399998530 0.90548638721200003232
-0.00000071100922807710 -0.00599265046817801933 0.00260711120988568051 -0.06975647374950000312 0.41860295859399998530 0.90548638721200003232
-0.00565844697313723499 -0.00299732294231423030 0.00130398965934196837 -0.06975647374950000312 0.41860295859399998530 0.90548638721200003232
-0.00565773596390917177 0.00299532752586378903 -0.00130312155054371909 -0.06975647374950000312 0.41860295859399998530 0.90548638721200003232
-0.01131704896122578963 -0.00000153692455914095 0.00000066864124115273 -0.06975647374950000312 0.41860295859399998530 0.90548638721200003232
-0.01697478492513497528 0.00299379060130465502 -0.00130245290930255248 -0.06975647374950000312 0.41860295859399998530 0.90548638721200003232
0.00000000000000000000 0.00000000000000000000 0.00000000000000000000 0.00000000000000000000 0.00000000000000000000 0.00000000000000000000
-0.01131547192781835742 0.00599065505172757806 -0.00260624310108743124 -0.06975647374950000312 0.41860295859399998530 0.90548638721200003232
-0.00565702495468112243 0.00898797799404181530 -0.00391023276042940654 -0.06975647374950000312 0.41860295859399998530 0.90548638721200003232
0.00000078803627334700 0.01198246006418596937 -0.00521298649424563332 -0.06975647374950000312 0.41860295859399998530 0.90548638721200003232
0.00000000000000000000 0.00000000000000000000 0.00000000000000000000 0.00000000000000000000 0.00000000000000000000 0.00000000000000000000
0.00000157703340744608 0.00599219197628672595 -0.00260691174232858397 -0.06975647374950000312 0.41860295859399998530 0.90548638721200003232
0.00000000000000000000 0.00000000000000000000 0.00000000000000000000 -0.06975647374710000626 0.43279571677599998347 0.89878913094799994798
0.00565928898775623634 -0.00221681790346212743 0.00240146945347026464 -0.06975647374710000626 0.43279571677599998347 0.89878913094799994798
0.00000152902690515877 -0.00443244254625953932 0.00480164625271219114 -0.06975647374710000626 0.43279571677599998347 0.89878913094799994798
-0.00565775996085109145 -0.00221562464279740495 0.00240017679924192651 -0.06975647374710000626 0.43279571677599998347 0.89878913094799994798
-0.00565709696179850230 -0.00664840633258102082 0.00720219044469852521 -0.06975647374710000626 0.43279571677599998347 0.89878913094799994798
-0.01131485692264959375 -0.00886403097537841883 0.00960236724394045171 -0.06975647374710000626 0.43279571677599998347 0.89878913094799994798
0.00000000000000000000 0.00000000000000000000 0.00000000000000000000 0.00000000000000000000 0.00000000000000000000 0.00000000000000000000
-0.01131551992170216903 -0.00443124928559480991 0.00480035359848385301 -0.06975647374710000626 0.43279571677599998347 0.89878913094799994798
-0.01131704894860732780 0.00000119326066472941 -0.00000129265422833813 -0.06975647374710000626 0.43279571677599998347 0.89878913094799994798
-0.01131621196038423705 0.00443221268907204036 -0.00480139724939370599 -0.06975647374710000626 0.43279571677599998347 0.89878913094799994798
0.00000000000000000000 0.00000000000000000000 0.00000000000000000000 0.00000000000000000000 0.00000000000000000000 0.00000000000000000000
-0.00565842295990366673 0.00221715704698621091 -0.00240183684621467566 -0.06975647374710000626 0.43279571677599998347 0.89878913094799994798
0.00000000000000000000 0.00000000000000000000 0.00000000000000000000 -0.06975647374950000312 -0.00000000000254727891 0.99756405025899996808
0.00566002400051329735 0.00214478556287563821 -0.00246432794142615111 -0.06975647374950000312 -0.00000000000254727891 0.99756405025899996808
0.00565997600652762278 -0.00214418365050471349 0.00246363635271926520 -0.06975647374950000312 -0.00000000000254727891 0.99756405025899996808
-0.00000004799398567457 -0.00428896921338035170 0.00492796429414541631 -0.06975647374950000312 -0.00000000000254727891 0.99756405025899996808
0.00565992800519554695 -0.00643380937225998539 0.00739235496559943750 -0.06975647374950000312 -0.00000000000254727891 0.99756405025899996808
0.00565988001120988626 -0.01072277858564033709 0.01232031925974485034 -0.06975647374950000312 -0.00000000000254727891 0.99756405025899996808
0.00000000000000000000 0.00000000000000000000 0.00000000000000000000 0.00000000000000000000 0.00000000000000000000 0.00000000000000000000
-0.00000009598797134913 -0.00857793842676069646 0.00985592858829083263 -0.06975647374950000312 -0.00000000000254727891 0.99756405025899996808
-0.00566007199449897191 -0.00643375477625599684 0.00739229223557156742 -0.06975647374950000312 -0.00000000000254727891 0.99756405025899996808
-0.01131704799368029452 -0.00428891463184526839 0.00492790158074211948 -0.06975647374950000312 -0.00000000000254727891 0.99756405025899996808
0.00000000000000000000 0.00000000000000000000 0.00000000000000000000 0.00000000000000000000 0.00000000000000000000 0.00000000000000000000
-0.00566002399316690996 -0.00214412905450072494 0.00246357362269140207 -0.06975647374950000312 -0.00000000000254727891 0.99756405025899996808
0.00000000000000000000 0.00000000000000000000 0.00000000000000000000 -0.06975647374500000553 -0.43279571678399997303 0.89878913094500001435
-0.00565999999999999837 -0.00295822402702160259 0.00138643413329017640 -0.06975647374500000553 -0.43279571678399997303 0.89878913094500001435
-0.00565999999999999837 0.00295731854063439187 -0.00138600975798154613 -0.06975647374500000553 -0.43279571678399997303 0.89878913094500001435
0.00000000000000000000 0.00591554256765599445 -0.00277244389127172253 -0.06975647374500000553 -0.43279571678399997303 0.89878913094500001435
-0.00565999999999999837 0.00887376659467759704 -0.00415887802456190586 -0.06975647374500000553 -0.43279571678399997303 0.89878913094500001435
-0.00566000000000000530 0.01478930916233359844 -0.00693132191583362492 -0.06975647374500000553 -0.43279571678399997303 0.89878913094500001435
0.00000000000000000000 0.00000000000000000000 0.00000000000000000000 0.00000000000000000000 0.00000000000000000000 0.00000000000000000000
0.00000000000000000000 0.01183108513531199585 -0.00554488778254345199 -0.06975647374500000553 -0.43279571678399997303 0.89878913094500001435
0.00565999999999999837 0.00887376659467759704 -0.00415887802456190586 -0.06975647374500000553 -0.43279571678399997303 0.89878913094500001435
0.01131699999999999373 0.00591554256765599445 -0.00277244389127172253 -0.06975647374500000553 -0.43279571678399997303 0.89878913094500001435
0.00000000000000000000 0.00000000000000000000 0.00000000000000000000 0.00000000000000000000 0.00000000000000000000 0.00000000000000000000
0.00565999999999999837 0.00295731854063439187 -0.00138600975798154613 -0.06975647374500000553 -0.43279571678399997303 0.89878913094500001435
0.00000000000000000000 0.00000000000000000000 0.00000000000000000000 -0.06975647374189999916 -0.41860295859199997404 0.90548638721300001020
-0.00565931299731662479 0.00326022878051120818 0.00022797740486633911 -0.06975647374189999916 -0.41860295859199997404 0.90548638721300001020
-0.00000157703340744608 0.00651878557159343494 0.00045583789284228682 -0.06975647374189999916 -0.41860295859199997404 0.90548638721300001020
0.00565773596390917871 0.00325855679108222676 0.00022786048797594771 -0.06975647374189999916 -0.41860295859199997404 0.90548638721300001020
0.00565702495468111549 0.00977784114681634620 0.00068373325920304678 -0.06975647374189999916 -0.41860295859199997404 0.90548638721300001020
0.01131476091859027339 0.01303639793789856949 0.00091159374717900143 -0.06975647374189999916 -0.41860295859199997404 0.90548638721300001020
0.00000000000000000000 0.00000000000000000000 0.00000000000000000000 0.00000000000000000000 0.00000000000000000000 0.00000000000000000000
0.01131547192781835048 0.00651711358216445352 0.00045572097595189542 -0.06975647374189999916 -0.41860295859199997404 0.90548638721300001020
0.01131704896122579657 -0.00000167198942897795 -0.00000011691689039139 -0.06975647374189999916 -0.41860295859199997404 0.90548638721300001020
0.01131625996409169749 -0.00651836460139907509 -0.00045580845573867795 -0.06975647374189999916 -0.41860295859199997404 0.90548638721300001020
0.00000000000000000000 0.00000000000000000000 0.00000000000000000000 0.00000000000000000000 0.00000000000000000000 0.00000000000000000000
0.00565844697313722805 -0.00326072756465188920 -0.00022801228325115136 -0.06975647374189999916 -0.41860295859199997404 0.90548638721300001020
0.00000000000000000000 0.00000000000000000000 0.00000000000000000000 -0.06975647374139999635 -0.75108640514900004703 0.65650837494400005045
0.00565928898775625022 -0.00086957820855181056 0.00315042392262895529 -0.06975647374139999635 -0.75108640514900004703 0.65650837494400005045
0.00000152902690515877 -0.00173868834371358055 0.00629915204654651548 -0.06975647374139999635 -0.75108640514900004703 0.65650837494400005045
-0.00565775996085107757 -0.00086911013516177693 0.00314872812391756018 -0.06975647374139999635 -0.75108640514900004703 0.65650837494400005045
-0.00565709696179849536 -0.00260793151272430135 0.00944836214323676454 -0.06975647374139999635 -0.75108640514900004703 0.65650837494400005045
-0.01131485692264957987 -0.00347704164788607828 0.01259709026715432820 -0.06975647374139999635 -0.75108640514900004703 0.65650837494400005045
0.00000000000000000000 0.00000000000000000000 0.00000000000000000000 0.00000000000000000000 0.00000000000000000000 0.00000000000000000000
-0.01131551992170215515 -0.00173822027032354692 0.00629745624783512384 -0.06975647374139999635 -0.75108640514900004703 0.65650837494400005045
-0.01131704894860731392 0.00000046807339003363 -0.00000169579871139511 -0.06975647374139999635 -0.75108640514900004703 0.65650837494400005045
-0.01131621196038423011 0.00173859817897745184 -0.00629882538571382641 -0.06975647374139999635 -0.75108640514900004703 0.65650837494400005045
0.00000000000000000000 0.00000000000000000000 0.00000000000000000000 0.00000000000000000000 0.00000000000000000000 0.00000000000000000000
-0.00565842295990365979 0.00086971124240075443 -0.00315090589540164071 -0.06975647374139999635 -0.75108640514900004703 0.65650837494400005045
0.00000000000000000000 0.00000000000000000000 0.00000000000000000000 -0.06975647373759999437 -0.73147310892600003740 0.67829280203300001961
0.00566002400051329735 0.00072066112712333014 -0.00318648157902517992 -0.06975647373759999437 -0.73147310892600003740 0.67829280203300001961
0.00565997600652762278 -0.00072045888086841314 0.00318558732520541482 -0.06975647373759999437 -0.73147310892600003740 0.67829280203300001961
-0.00000004799398567457 -0.00144112000799173634 0.00637206890423059474 -0.06975647373759999437 -0.73147310892600003740 0.67829280203300001961
0.00565992800519556083 -0.00216179947970785574 0.00955863159586861633 -0.06975647373759999437 -0.73147310892600003740 0.67829280203300001961
0.00565988001120988626 -0.00360291948769959902 0.01593070050009921107 -0.06975647373759999437 -0.73147310892600003740 0.67829280203300001961
0.00000000000000000000 0.00000000000000000000 0.00000000000000000000 0.00000000000000000000 0.00000000000000000000 0.00000000000000000000
-0.00000009598797134913 -0.00288224001598347962 0.01274413780846118255 -0.06975647373759999437 -0.73147310892600003740 0.67829280203300001961
-0.00566007199449897191 -0.00216178113511506648 0.00955855048325577120 -0.06975647373759999437 -0.73147310892600003740 0.67829280203300001961
-0.01131704799368028758 -0.00144110166826059288 0.00637198781311401619 -0.06975647373759999437 -0.73147310892600003740 0.67829280203300001961
0.00000000000000000000 0.00000000000000000000 0.00000000000000000000 0.00000000000000000000 0.00000000000000000000 0.00000000000000000000
-0.00566002399316690996 -0.00072044053627562388 0.00318550621259256622 -0.06975647373759999437 -0.73147310892600003740 0.67829280203300001961
0.00000000000000000000 0.00000000000000000000 0.00000000000000000000 0.00000000000000000000 0.00000000000000000000 0.00000000000000000000
0.00000000000000000000 0.00000000000000000000 0.00000000000000000000 0.00000000000000000000 0.00000000000000000000 0.00000000000000000000
0.00000000000000000000 0.00000000000000000000 0.00000000000000000000 0.00000000000000000000 0.00000000000000000000 0.00000000000000000000
0.00000000000000000000 0.00000000000000000000 0.00000000000000000000 0.00000000000000000000 0.00000000000000000000 0.00000000000000000000
0.00000000000000000000 0.00000000000000000000 0.00000000000000000000 0.00000000000000000000 0.00000000000000000000 0.00000000000000000000
0.00000000000000000000 0.00000000000000000000 0.00000000000000000000 0.00000000000000000000 0.00000000000000000000 0.00000000000000000000
0.00000000000000000000 0.00000000000000000000 0.00000000000000000000 0.00000000000000000000 0.00000000000000000000 0.00000000000000000000
0.00000000000000000000 0.00000000000000000000 0.00000000000000000000 0.00000000000000000000 0.00000000000000000000 0.00000000000000000000
0.00000000000000000000 0.00000000000000000000 0.00000000000000000000 0.00000000000000000000 0.00000000000000000000 0.00000000000000000000
0.00000000000000000000 0.00000000000000000000 0.00000000000000000000 0.00000000000000000000 0.00000000000000000000 0.00000000000000000000
0.00000000000000000000 0.00000000000000000000 0.00000000000000000000 0.00000000000000000000 0.00000000000000000000 0.00000000000000000000
0.00000000000000000000 0.00000000000000000000 0.00000000000000000000 0.00000000000000000000 0.00000000000000000000 0.00000000000000000000
0.00000000000000000000 0.00000000000000000000 0.00000000000000000000 0.00000000000000000000 0.00000000000000000000 0.00000000000000000000
0.00000000000000000000 0.00000000000000000000 0.00000000000000000000 0.00000000000000000000 0.00000000000000000000 0.00000000000000000000
0.00000000000000000000 0.00000000000000000000 0.00000000000000000000 0.00000000000000000000 0.00000000000000000000 0.00000000000000000000
0.00000000000000000000 0.00000000000000000000 0.00000000000000000000 0.00000000000000000000 0.00000000000000000000 0.00000000000000000000
0.00000000000000000000 0.00000000000000000000 0.00000000000000000000 0.00000000000000000000 0.00000000000000000000 0.00000000000000000000
0.00000000000000000000 0.00000000000000000000 0.00000000000000000000 0.00000000000000000000 0.00000000000000000000 0.00000000000000000000
0.00000000000000000000 0.00000000000000000000 0.00000000000000000000 0.00000000000000000000 0.00000000000000000000 0.00000000000000000000
0.00000000000000000000 0.00000000000000000000 0.00000000000000000000 0.00000000000000000000 0.00000000000000000000 0.00000000000000000000
0.00000000000000000000 0.00000000000000000000 0.00000000000000000000 0.00000000000000000000 0.00000000000000000000 0.00000000000000000000
0.00000000000000000000 0.00000000000000000000 0.00000000000000000000 0.00000000000000000000 0.00000000000000000000 0.00000000000000000000
0.00000000000000000000 0.00000000000000000000 0.00000000000000000000 0.00000000000000000000 0.00000000000000000000 0.00000000000000000000
0.00000000000000000000 0.00000000000000000000 0.00000000000000000000 0.00000000000000000000 0.00000000000000000000 0.00000000000000000000
0.00000000000000000000 0.00000000000000000000 0.00000000000000000000 0.00000000000000000000 0.00000000000000000000 0.00000000000000000000
0.00000000000000000000 0.00000000000000000000 0.00000000000000000000 0.00000000000000000000 0.00000000000000000000 0.00000000000000000000
0.00000000000000000000 0.00000000000000000000 0.00000000000000000000 0.00000000000000000000 0.00000000000000000000 0.00000000000000000000
0.00000000000000000000 0.00000000000000000000 0.00000000000000000000 0.00000000000000000000 0.00000000000000000000 0.00000000000000000000
0.00000000000000000000 0.00000000000000000000 0.00000000000000000000 0.00000000000000000000 0.00000000000000000000 0.00000000000000000000
0.00000000000000000000 0.00000000000000000000 0.00000000000000000000 0.00000000000000000000 0.00000000000000000000 0.00000000000000000000
0.00000000000000000000 0.00000000000000000000 0.00000000000000000000 0.00000000000000000000 0.00000000000000000000 0.00000000000000000000
0.00000000000000000000 0.00000000000000000000 0.00000000000000000000 0.00000000000000000000 0.00000000000000000000 0.00000000000000000000
0.00000000000000000000 0.00000000000000000000 0.00000000000000000000 0.00000000000000000000 0.00000000000000000000 0.00000000000000000000
0.00000000000000000000 0.00000000000000000000 0.00000000000000000000 0.00000000000000000000 0.00000000000000000000 0.00000000000000000000
0.00000000000000000000 0.00000000000000000000 0.00000000000000000000 0.00000000000000000000 0.00000000000000000000 0.00000000000000000000
0.00000000000000000000 0.00000000000000000000 0.00000000000000000000 0.00000000000000000000 0.00000000000000000000 0.00000000000000000000
0.00000000000000000000 0.00000000000000000000 0.00000000000000000000 -0.06975647374689999958 0.26558335636100000032 -0.96156097840700005541
0.00326823150236653023 -0.00544175145616051029 0.00155399257923389406 -0.06975647374689999958 0.26558335636100000032 -0.96156097840700005541
0.00653470379298684914 -0.00000147025260693011 0.00000041985777174403 -0.06975647374689999958 0.26558335636100000032 -0.96156097840700005541
0.00326647229062031544 0.00544028120355357497 -0.00155357272146215003 -0.06975647374689999958 0.26558335636100000032 -0.96156097840700005541
0.00980167607936571761 0.00543964368953589288 -0.00155339066756633726 -0.06975647374689999958 0.26558335636100000032 -0.96156097840700005541
0.01306814836998603652 0.01087992489308946958 -0.00310696338902848035 -0.06975647374689999958 0.26558335636100000032 -0.96156097840700005541
0.00000000000000000000 0.00000000000000000000 0.00000000000000000000 0.00000000000000000000 0.00000000000000000000 0.00000000000000000000
0.00653294458124063435 0.01088056240710715342 -0.00310714544292429312 -0.06975647374689999958 0.26558335636100000032 -0.96156097840700005541
-0.00000175921174621479 0.01088203265971408179 -0.00310756530069603715 -0.06975647374689999958 0.26558335636100000032 -0.96156097840700005541
-0.00653436491693390291 0.01088122784449938561 -0.00310733547085515621 -0.06975647374689999958 0.26558335636100000032 -0.96156097840700005541
0.00000000000000000000 0.00000000000000000000 0.00000000000000000000 0.00000000000000000000 0.00000000000000000000 0.00000000000000000000
-0.00326873149812508673 0.00544091871757125881 -0.00155375477535796280 -0.06975647374689999958 0.26558335636100000032 -0.96156097840700005541
0.00000000000000000000 0.00000000000000000000 0.00000000000000000000 -0.06975647374450000271 -0.24926685238400000943 -0.96591928786699998710
-0.00326698613979537270 -0.00544244283046859192 -0.00155419001395128153 -0.06975647374450000271 -0.24926685238400000943 -0.96591928786699998710
0.00326601386018504115 -0.00544242744742067658 -0.00155418562103799146 -0.06975647374450000271 -0.24926685238400000943 -0.96591928786699998710
0.00653299999998041038 0.00000001538304792228 0.00000000439291329701 -0.06975647374450000271 -0.24926685238400000943 -0.96591928786699998710
0.00980001386016545080 -0.00544241206201808575 -0.00155418122745227399 -0.06975647374450000271 -0.24926685238400000943 -0.96591928786699998710
0.01633301386014586465 -0.00544239667897016693 -0.00155417683453898392 -0.06975647374450000271 -0.24926685238400000943 -0.96591928786699998710
0.00000000000000000000 0.00000000000000000000 0.00000000000000000000 0.00000000000000000000 0.00000000000000000000 0.00000000000000000000
0.01306599999996082249 0.00000003076609584457 0.00000000878582659403 -0.06975647374450000271 -0.24926685238400000943 -0.96591928786699998710
0.00979998613977578308 0.00544245821351652115 0.00155419440686459243 -0.06975647374450000271 -0.24926685238400000943 -0.96591928786699998710
0.00653297228693713698 0.01088200097564731572 0.00310755625276877556 -0.06975647374450000271 -0.24926685238400000943 -0.96591928786699998710
0.00000000000000000000 0.00000000000000000000 0.00000000000000000000 0.00000000000000000000 0.00000000000000000000 0.00000000000000000000
0.00326598613979537343 0.00544244282811393032 0.00155419001327887496 -0.06975647374450000271 -0.24926685238400000943 -0.96591928786699998710
0.00000000000000000000 0.00000000000000000000 0.00000000000000000000 -0.06975647374580000448 0.86156942754599996626 -0.50282417989700001204
0.00326823150236653370 -0.00489393049323879475 -0.00284200566049515324 -0.06975647374580000448 0.86156942754599996626 -0.50282417989700001204
0.00653470379298685261 -0.00000132224231918013 -0.00000076785319302192 -0.06975647374580000448 0.86156942754599996626 -0.50282417989700001204
0.00326647229062032585 0.00489260825091961463 0.00284123780730213132 -0.06975647374580000448 0.86156942754599996626 -0.50282417989700001204
0.00980167607936572455 0.00489203491541978855 0.00284090485963601341 -0.06975647374580000448 0.86156942754599996626 -0.50282417989700001204
0.01306814836998604346 0.00978464316633939971 0.00568214266693814474 -0.06975647374580000448 0.86156942754599996626 -0.50282417989700001204
0.00000000000000000000 0.00000000000000000000 0.00000000000000000000 0.00000000000000000000 0.00000000000000000000 0.00000000000000000000
0.00653294458124064475 0.00978521650183922578 0.00568247561460425918 -0.06975647374580000448 0.86156942754599996626 -0.50282417989700001204
-0.00000175921174620786 0.00978653874415840244 0.00568324346779728456 -0.06975647374580000448 0.86156942754599996626 -0.50282417989700001204
-0.00653436491693389424 0.00978581494966827489 0.00568282314551423612 -0.06975647374580000448 0.86156942754599996626 -0.50282417989700001204
0.00000000000000000000 0.00000000000000000000 0.00000000000000000000 0.00000000000000000000 0.00000000000000000000 0.00000000000000000000
-0.00326873149812507979 0.00489318158641942683 0.00284157075496824923 -0.06975647374580000448 0.86156942754599996626 -0.50282417989700001204
0.00000000000000000000 0.00000000000000000000 0.00000000000000000000 -0.06975647374139999635 -0.86156942754999998879 -0.50282417988999994485
0.00653520378710226169 0.00000058717460353977 -0.00000034098431705640 -0.06975647374139999635 -0.86156942754999998879 -0.50282417988999994485
0.00326871764178230523 0.00489318850834869618 -0.00284157477467432765 -0.06975647374139999635 -0.86156942754999998879 -0.50282417988999994485
-0.00326648614531994952 0.00489260133374515641 -0.00284123379035726778 -0.06975647374139999635 -0.86156942754999998879 -0.50282417988999994485
0.00000173149858307547 0.00978653874785440948 -0.00568324346994363364 -0.06975647374139999635 -0.86156942754999998879 -0.50282417988999994485
-0.00326475464673687404 0.01467914008159956762 -0.00852447726030090489 -0.06975647374139999635 -0.86156942754999998879 -0.50282417988999994485
0.00000000000000000000 0.00000000000000000000 0.00000000000000000000 0.00000000000000000000 0.00000000000000000000 0.00000000000000000000
-0.00653297229063989904 0.00978520266749031108 -0.00568246758071453209 -0.06975647374139999635 -0.86156942754999998879 -0.50282417988999994485
-0.00980168993242220773 0.00489201415914161664 -0.00284089280604021485 -0.06975647374139999635 -0.86156942754999998879 -0.50282417988999994485
-0.01306730949644068981 -0.00000062611947592578 0.00000036360040200217 -0.06975647374139999635 -0.86156942754999998879 -0.50282417988999994485
0.00000000000000000000 0.00000000000000000000 0.00000000000000000000 0.00000000000000000000 0.00000000000000000000 0.00000000000000000000
-0.00653470378922298145 -0.00000133608036409494 0.00000077588922909114 -0.06975647374139999635 -0.86156942754999998879 -0.50282417988999994485
0.00000000000000000000 0.00000000000000000000 0.00000000000000000000 -0.06975647374089999353 -0.49731582651000000306 -0.86476066230699999426
0.00326700000000000601 0.00284598485817739305 -0.00489244010561447340 -0.06975647374089999353 -0.49731582651000000306 -0.86476066230699999426
-0.00326599999999999807 0.00284598485817739305 -0.00489244010561447340 -0.06975647374089999353 -0.49731582651000000306 -0.86476066230699999426
-0.00653299999999999714 0.00000000000000000000 0.00000000000000000000 -0.06975647374089999353 -0.49731582651000000306 -0.86476066230699999426
-0.00980000000000000315 0.00284598485817739305 -0.00489244010561447340 -0.06975647374089999353 -0.49731582651000000306 -0.86476066230699999426
-0.01633300000000000030 0.00284598485817739305 -0.00489244010561447340 -0.06975647374089999353 -0.49731582651000000306 -0.86476066230699999426
0.00000000000000000000 0.00000000000000000000 0.00000000000000000000 0.00000000000000000000 0.00000000000000000000 0.00000000000000000000
-0.01306600000000000122 0.00000000000000000000 0.00000000000000000000 -0.06975647374089999353 -0.49731582651000000306 -0.86476066230699999426
-0.00980000000000000315 -0.00284598485817739999 0.00489244010561447687 -0.06975647374089999353 -0.49731582651000000306 -0.86476066230699999426
-0.00653299999999999714 -0.00569046124381512863 0.00978228704509523025 -0.06975647374089999353 -0.49731582651000000306 -0.86476066230699999426
0.00000000000000000000 0.00000000000000000000 0.00000000000000000000 0.00000000000000000000 0.00000000000000000000 0.00000000000000000000
-0.00326599999999999807 -0.00284598485817739999 0.00489244010561447687 -0.06975647374089999353 -0.49731582651000000306 -0.86476066230699999426
0.00000000000000000000 0.00000000000000000000 0.00000000000000000000 0.00000000000000000000 0.00000000000000000000 0.00000000000000000000
0.00000000000000000000 0.00000000000000000000 0.00000000000000000000 0.00000000000000000000 0.00000000000000000000 0.00000000000000000000
0.00000000000000000000 0.00000000000000000000 0.00000000000000000000 0.00000000000000000000 0.00000000000000000000 0.00000000000000000000
0.00000000000000000000 0.00000000000000000000 0.00000000000000000000 0.00000000000000000000 0.00000000000000000000 0.00000000000000000000
0.00000000000000000000 0.00000000000000000000 0.00000000000000000000 0.00000000000000000000 0.00000000000000000000 0.00000000000000000000
0.00000000000000000000 0.00000000000000000000 0.00000000000000000000 0.00000000000000000000 0.00000000000000000000 0.00000000000000000000
0.00000000000000000000 0.00000000000000000000 0.00000000000000000000 0.00000000000000000000 0.00000000000000000000 0.00000000000000000000
0.00000000000000000000 0.00000000000000000000 0.00000000000000000000 0.00000000000000000000 0.00000000000000000000 0.00000000000000000000
0.00000000000000000000 0.00000000000000000000 0.00000000000000000000 0.00000000000000000000 0.00000000000000000000 0.00000000000000000000
0.00000000000000000000 0.00000000000000000000 0.00000000000000000000 0.00000000000000000000 0.00000000000000000000 0.00000000000000000000
0.00000000000000000000 0.00000000000000000000 0.00000000000000000000 0.00000000000000000000 0.00000000000000000000 0.00000000000000000000
0.00000000000000000000 0.00000000000000000000 0.00000000000000000000 0.00000000000000000000 0.00000000000000000000 0.00000000000000000000
0.00000000000000000000 0.00000000000000000000 0.00000000000000000000 -0.06975647375299999509 0.24926685237999998690 -0.96591928786699998710
0.00326823150236653370 -0.00546641638888706143 0.00146486986119789830 -0.06975647375299999509 0.24926685237999998690 -0.96591928786699998710
0.00653470379298685261 -0.00000147691657935260 0.00000039577859253098 -0.06975647375299999509 0.24926685237999998690 -0.96591928786699998710
0.00326647229062032585 0.00546493947230770535 -0.00146447408260537426 -0.06975647375299999509 0.24926685237999998690 -0.96591928786699998710
0.00980167607936572455 0.00546429906873497837 -0.00146430246964618371 -0.06975647375299999509 0.24926685237999998690 -0.96591928786699998710
0.01306814836998603652 0.01092923854104268545 -0.00292877655225155104 -0.06975647375299999509 0.24926685237999998690 -0.96591928786699998710
0.00000000000000000000 0.00000000000000000000 0.00000000000000000000 0.00000000000000000000 0.00000000000000000000 0.00000000000000000000
0.00653294458124064475 0.01092987894461541071 -0.00292894816521074158 -0.06975647375299999509 0.24926685237999998690 -0.96591928786699998710
-0.00000175921174620786 0.01093135586119476331 -0.00292934394380327950 -0.06975647375299999509 0.24926685237999998690 -0.96591928786699998710
-0.00653436491693389077 0.01093054739812637788 -0.00292912729488769424 -0.06975647375299999509 0.24926685237999998690 -0.96591928786699998710
0.00000000000000000000 0.00000000000000000000 0.00000000000000000000 0.00000000000000000000 0.00000000000000000000 0.00000000000000000000
-0.00326873149812507285 0.00546557987588043061 -0.00146464569556456481 -0.06975647375299999509 0.24926685237999998690 -0.96591928786699998710
0.00000000000000000000 0.00000000000000000000 0.00000000000000000000 -0.06975647373839999332 -0.26558335635899998906 -0.96156097840800003329
-0.00326698613979536923 -0.00546711089687956092 -0.00146505597285757211 -0.06975647373839999332 -0.26558335635899998906 -0.96156097840800003329
0.00326601386018503942 -0.00546709544410742959 -0.00146505183188137822 -0.06975647373839999332 -0.26558335635899998906 -0.96156097840800003329
0.00653299999998040865 0.00000001545277213827 0.00000000414097620083 -0.06975647373839999332 -0.26558335635899998906 -0.96156097840800003329
0.00980001386016544906 -0.00546707998896995423 -0.00146504769027131637 -0.06975647373839999332 -0.26558335635899998906 -0.96156097840800003329
0.01633301386014585771 -0.00546706453619782290 -0.00146504354929511554 -0.06975647373839999332 -0.26558335635899998906 -0.96156097840800003329
0.00000000000000000000 0.00000000000000000000 0.00000000000000000000 0.00000000000000000000 0.00000000000000000000 0.00000000000000000000
0.01306599999996082423 0.00000003090554426960 0.00000000828195240166 -0.06975647373839999332 -0.26558335635899998906 -0.96156097840800003329
0.00979998613977578481 0.00546712634965170266 0.00146506011383377988 -0.06975647373839999332 -0.26558335635899998906 -0.96156097840800003329
0.00653297228693713872 0.01093132403353019866 0.00292933541474452164 -0.06975647373839999332 -0.26558335635899998906 -0.96156097840800003329
0.00000000000000000000 0.00000000000000000000 0.00000000000000000000 0.00000000000000000000 0.00000000000000000000 0.00000000000000000000
0.00326598613979537516 0.00546711089451423077 0.00146505597222372497 -0.06975647373839999332 -0.26558335635899998906 -0.96156097840800003329
0.00000000000000000000 0.00000000000000000000 0.00000000000000000000 0.00000000000000000000 0.00000000000000000000 0.00000000000000000000
0.00000000000000000000 0.00000000000000000000 0.00000000000000000000 0.00000000000000000000 0.00000000000000000000 0.00000000000000000000
0.00000000000000000000 0.00000000000000000000 0.00000000000000000000 0.00000000000000000000 0.00000000000000000000 0.00000000000000000000
0.00000000000000000000 0.00000000000000000000 0.00000000000000000000 0.00000000000000000000 0.00000000000000000000 0.00000000000000000000
0.00000000000000000000 0.00000000000000000000 0.00000000000000000000 0.00000000000000000000 0.00000000000000000000 0.00000000000000000000
0.00000000000000000000 0.00000000000000000000 0.00000000000000000000 0.00000000000000000000 0.00000000000000000000 0.00000000000000000000
0.00000000000000000000 0.00000000000000000000 0.00000000000000000000 0.00000000000000000000 0.00000000000000000000 0.00000000000000000000
0.00000000000000000000 0.00000000000000000000 0.00000000000000000000 0.00000000000000000000 0.00000000000000000000 0.00000000000000000000
0.00000000000000000000 0.00000000000000000000 0.00000000000000000000 0.00000000000000000000 0.00000000000000000000 0.00000000000000000000
0.00000000000000000000 0.00000000000000000000 0.00000000000000000000 0.00000000000000000000 0.00000000000000000000 0.00000000000000000000
0.00000000000000000000 0.00000000000000000000 0.00000000000000000000 0.00000000000000000000 0.00000000000000000000 0.00000000000000000000
0.00000000000000000000 0.00000000000000000000 0.00000000000000000000 0.00000000000000000000 0.00000000000000000000 0.00000000000000000000
0.00000000000000000000 0.00000000000000000000 0.00000000000000000000 0.00000000000000000000 0.00000000000000000000 0.00000000000000000000
0.00000000000000000000 0.00000000000000000000 0.00000000000000000000 0.00000000000000000000 0.00000000000000000000 0.00000000000000000000
0.00000000000000000000 0.00000000000000000000 0.00000000000000000000 0.00000000000000000000 0.00000000000000000000 0.00000000000000000000
0.00000000000000000000 0.00000000000000000000 0.00000000000000000000 0.00000000000000000000 0.00000000000000000000 0.00000000000000000000
0.00000000000000000000 0.00000000000000000000 0.00000000000000000000 0.00000000000000000000 0.00000000000000000000 0.00000000000000000000
0.00000000000000000000 0.00000000000000000000 0.00000000000000000000 0.00000000000000000000 0.00000000000000000000 0.00000000000000000000
0.00000000000000000000 0.00000000000000000000 0.00000000000000000000 0.00000000000000000000 0.00000000000000000000 0.00000000000000000000
0.00000000000000000000 0.00000000000000000000 0.00000000000000000000 0.00000000000000000000 0.00000000000000000000 0.00000000000000000000
0.00000000000000000000 0.00000000000000000000 0.00000000000000000000 0.00000000000000000000 0.00000000000000000000 0.00000000000000000000
0.00000000000000000000 0.00000000000000000000 0.00000000000000000000 0.00000000000000000000 0.00000000000000000000 0.00000000000000000000
0.00000000000000000000 0.00000000000000000000 0.00000000000000000000 0.00000000000000000000 0.00000000000000000000 0.00000000000000000000
0.00000000000000000000 0.00000000000000000000 0.00000000000000000000 0.00000000000000000000 0.00000000000000000000 0.00000000000000000000
0.00000000000000000000 0.00000000000000000000 0.00000000000000000000 0.00000000000000000000 0.00000000000000000000 0.00000000000000000000
0.00000000000000000000 0.00000000000000000000 0.00000000000000000000 0.00000000000000000000 0.00000000000000000000 0.00000000000000000000
0.00000000000000000000 0.00000000000000000000 0.00000000000000000000 0.00000000000000000000 0.00000000000000000000 0.00000000000000000000
0.00000000000000000000 0.00000000000000000000 0.00000000000000000000 0.00000000000000000000 0.00000000000000000000 0.00000000000000000000
0.00000000000000000000 0.00000000000000000000 0.00000000000000000000 0.00000000000000000000 0.00000000000000000000 0.00000000000000000000
0.00000000000000000000 0.00000000000000000000 0.00000000000000000000 0.00000000000000000000 0.00000000000000000000 0.00000000000000000000
0.00000000000000000000 0.00000000000000000000 0.00000000000000000000 0.00000000000000000000 0.00000000000000000000 0.00000000000000000000
0.00000000000000000000 0.00000000000000000000 0.00000000000000000000 0.00000000000000000000 0.00000000000000000000 0.00000000000000000000
0.00000000000000000000 0.00000000000000000000 0.00000000000000000000 0.00000000000000000000 0.00000000000000000000 0.00000000000000000000
0.00000000000000000000 0.00000000000000000000 0.00000000000000000000 0.00000000000000000000 0.00000000000000000000 0.00000000000000000000
0.00000000000000000000 0.00000000000000000000 0.00000000000000000000 0.00000000000000000000 0.00000000000000000000 0.00000000000000000000
0.00000000000000000000 0.00000000000000000000 0.00000000000000000000 0.00000000000000000000 0.00000000000000000000 0.00000000000000000000
0.00000000000000000000 0.00000000000000000000 0.00000000000000000000 0.00000000000000000000 0.00000000000000000000 0.00000000000000000000
0.00000000000000000000 0.00000000000000000000 0.00000000000000000000 0.00000000000000000000 0.00000000000000000000 0.00000000000000000000
0.00000000000000000000 0.00000000000000000000 0.00000000000000000000 0.00000000000000000000 0.00000000000000000000 0.00000000000000000000
0.00000000000000000000 0.00000000000000000000 0.00000000000000000000 0.00000000000000000000 0.00000000000000000000 0.00000000000000000000
0.00000000000000000000 0.00000000000000000000 0.00000000000000000000 0.00000000000000000000 0.00000000000000000000 0.00000000000000000000
0.00000000000000000000 0.00000000000000000000 0.00000000000000000000 0.00000000000000000000 0.00000000000000000000 0.00000000000000000000
0.00000000000000000000 0.00000000000000000000 0.00000000000000000000 0.00000000000000000000 0.00000000000000000000 0.00000000000000000000
0.00000000000000000000 0.00000000000000000000 0.00000000000000000000 0.00000000000000000000 0.00000000000000000000 0.00000000000000000000
0.00000000000000000000 0.00000000000000000000 0.00000000000000000000 0.00000000000000000000 0.00000000000000000000 0.00000000000000000000
0.00000000000000000000 0.00000000000000000000 0.00000000000000000000 0.00000000000000000000 0.00000000000000000000 0.00000000000000000000
0.00000000000000000000 0.00000000000000000000 0.00000000000000000000 0.00000000000000000000 0.00000000000000000000 0.00000000000000000000
0.00000000000000000000 0.00000000000000000000 0.00000000000000000000 0.00000000000000000000 0.00000000000000000000 0.00000000000000000000
0.00000000000000000000 0.00000000000000000000 0.00000000000000000000 -0.06975647375299999509 0.49731582650900002518 -0.86476066230699999426
-0.00326698613979536923 -0.00284598888091355806 -0.00489244702087834188 -0.06975647375299999509 0.49731582650900002518 -0.86476066230699999426
0.00326601386018504636 -0.00284598083673474195 -0.00489243319239189220 -0.06975647375299999509 0.49731582650900002518 -0.86476066230699999426
0.00653299999998041558 0.00000000804417881611 0.00000001382848645315 -0.06975647375299999509 0.49731582650900002518 -0.86476066230699999426
0.00980001386016545600 -0.00284597279132460523 -0.00489241936178872600 -0.06975647375299999509 0.49731582650900002518 -0.86476066230699999426
0.01633301386014586465 -0.00284596474714578218 -0.00489240553330226591 -0.06975647375299999509 0.49731582650900002518 -0.86476066230699999426
0.00000000000000000000 0.00000000000000000000 0.00000000000000000000 0.00000000000000000000 0.00000000000000000000 0.00000000000000000000
0.01306599999996082423 0.00000001608835762529 0.00000002765697290283 -0.06975647375299999509 0.49731582650900002518 -0.86476066230699999426
0.00979998613977578481 0.00284599692509236724 0.00489246084936479503 -0.06975647375299999509 0.49731582650900002518 -0.86476066230699999426
0.00653297228693713872 0.00569046928805610336 0.00978230087350627150 -0.06975647375299999509 0.49731582650900002518 -0.86476066230699999426
0.00000000000000000000 0.00000000000000000000 0.00000000000000000000 0.00000000000000000000 0.00000000000000000000 0.00000000000000000000
0.00326598613979537516 0.00284598887968223052 0.00489244701876162882 -0.06975647375299999509 0.49731582650900002518 -0.86476066230699999426
