name    rightHand
spatial_sampling    taxel
taxel2Repr ( 3 3 3 3 3 3 -2 3 3 3 -2 3 15 15 15 15 15 15 -2 15 15 15 -2 15 27 27 27 27 27 27 -2 27 27 27 -2 27 39 39 39 39 39 39 -2 39 39 39 -2 39 51 51 51 51 51 51 -2 51 51 51 -2 51 63 63 63 63 63 63 -2 63 63 63 -2 63 75 75 75 75 75 75 -2 75 75 75 -2 75 87 87 87 87 87 87 -2 87 87 87 -2 87 99 99 99 99 99 99 -2 99 99 99 -2 99 111 111 111 111 111 111 -2 111 111 111 -2 111 123 123 123 123 123 123 -2 123 123 123 -2 123 135 135 135 135 135 135 -2 135 135 135 -2 135 147 147 147 147 147 147 -2 147 147 147 -2 147 159 159 159 159 159 159 -2 159 159 159 -2 159 171 171 171 171 171 171 -2 171 171 171 -2 171 183 183 183 183 183 183 -2 183 183 183 -2 183 -1 -1 -1 -1 -1 -1 -1 -1 -1 -1 -1 -1 -1 -1 -1 -1 -1 -1 -1 -1 -1 -1 -1 -1 -1 -1 -1 -1 -1 -1 -1 -1 -1 -1 -1 -1 231 231 231 231 231 231 -2 231 231 231 -2 231 243 243 243 243 243 243 -2 243 243 243 -2 243 255 255 255 255 255 255 -2 255 255 255 -2 255 267 267 267 267 267 267 -2 267 267 267 -2 267 279 279 279 279 279 279 -2 279 279 279 -2 279 -1 -1 -1 -1 -1 -1 -1 -1 -1 -1 -1 -1 303 303 303 303 303 303 -2 303 303 303 -2 303 315 315 315 315 315 315 -2 315 315 315 -2 315 -1 -1 -1 -1 -1 -1 -1 -1 -1 -1 -1 -1 -1 -1 -1 -1 -1 -1 -1 -1 -1 -1 -1 -1 -1 -1 -1 -1 -1 -1 -1 -1 -1 -1 -1 -1 -1 -1 -1 -1 -1 -1 -1 -1 -1 -1 -1 -1 375 375 375 375 375 375 -2 375 375 375 -2 375 )
[calibration]
0.023642558622048917 0.030968728310789666 0.019683182011424695 -0.0697564737424 -0.392787359373 0.916979893284
0.023643221621101496 0.03494160694054574 0.014494239541743639 -0.0697564737424 -0.392787359373 0.916979893284
0.02930098158195258 0.03295585433395608 0.01708781387281894 -0.0697564737424 -0.392787359373 0.916979893284
0.0293003185829 0.0289829757042 0.022276756342500002 -0.0697564737424 -0.392787359373 0.916979893284
0.03495960757065624 0.03096979777013289 0.01968178519981206 -0.0697564737424 -0.392787359373 0.916979893284
0.04061736753150732 0.028984045163543224 0.02227535953088736 -0.0697564737424 -0.392787359373 0.916979893284
0.0 0.0 0.0 0.0 0.0 0.0
0.03495807854375108 0.026997223097610337 0.024870330673575303 -0.0697564737424 -0.392787359373 0.916979893284
0.029299655583847423 0.02501009707444393 0.02746569881218106 -0.0697564737424 -0.392787359373 0.916979893284
0.023641866583366842 0.023024854434490465 0.03005860708023675 -0.0697564737424 -0.392787359373 0.916979893284
0.0 0.0 0.0 0.0 0.0 0.0
0.02364102959514376 0.026996153638267115 0.02487172748518794 -0.0697564737424 -0.392787359373 0.916979893284
0.03250637893909082 0.013192474831640122 0.03492587364280851 -0.0697564737498 -2.41920343278e-12 0.997564050259
0.026847065941774204 0.01612988841582706 0.03349316054039155 -0.0697564737498 -2.41920343278e-12 0.997564050259
0.03250480190568338 0.019065795564486933 0.03206118219658304 -0.0697564737498 -2.41920343278e-12 0.997564050259
0.038164114903 0.016128381980299998 0.033493895299 -0.0697564737498 -2.41920343278e-12 0.997564050259
0.03816340389377194 0.022002152109618364 0.030628984661232535 -0.0697564737498 -2.41920343278e-12 0.997564050259
0.04382113985768111 0.02493805925827824 0.029197006317424022 -0.0697564737498 -2.41920343278e-12 0.997564050259
0.0 0.0 0.0 0.0 0.0 0.0
0.04382185086690917 0.019064289128959876 0.03206191695519149 -0.0697564737498 -2.41920343278e-12 0.997564050259
0.04382342790031662 0.013190968396113063 0.03492660840141697 -0.0697564737498 -2.41920343278e-12 0.997564050259
0.04382263890318252 0.0073195333861534005 0.03779038009296354 -0.0697564737498 -2.41920343278e-12 0.997564050259
0.0 0.0 0.0 0.0 0.0 0.0
0.03816482591222806 0.010254611850981633 0.03635880593676747 -0.0697564737498 -2.41920343278e-12 0.997564050259
0.022576946474848918 0.0032585153283350744 0.03670832534101508 -0.0697564737511 0.392787359367 0.916979893286
0.022577609473901496 0.0097777996891039 0.037164198112594235 -0.0697564737511 0.392787359367 0.916979893286
0.02823536943475258 0.006519284360813902 0.036936340523979164 -0.0697564737511 0.392787359367 0.916979893286
0.028234706435700002 4.50768311566e-14 0.036480467752400006 -0.0697564737511 0.392787359367 0.916979893286
0.03389399542345624 0.0032602702547298917 0.036708448057423085 -0.0697564737511 0.392787359367 0.916979893286
0.03955175538430732 1.754926439894219e-06 0.036480590468808013 -0.0697564737511 0.392787359367 0.916979893286
0.0 0.0 0.0 0.0 0.0 0.0
0.03389246639655109 -0.0032585153282449204 0.03625261016378493 -0.0697564737511 0.392787359367 0.916979893286
0.028234043436647423 -0.006519284360723749 0.03602459498082084 -0.0697564737511 0.392787359367 0.916979893286
0.022576254436166843 -0.009776962860651817 0.03579679590894527 -0.0697564737511 0.392787359367 0.916979893286
0.0 0.0 0.0 0.0 0.0 0.0
0.022575417447943762 -0.003260270254639738 0.03625248744737692 -0.0697564737511 0.392787359367 0.916979893286
0.032506378939190825 -0.019064289128850078 0.032061916955171396 -0.0697564737447 0.731473108917 0.678292802042
0.026847065941874207 -0.016126875544672944 0.033494630057608464 -0.0697564737447 0.731473108917 0.678292802042
0.03250480190578338 -0.01319096839602287 0.03492660840143706 -0.0697564737447 0.731473108917 0.678292802042
0.0381641149031 -0.0161283819802 0.033493895299 -0.0697564737447 0.731473108917 0.678292802042
0.03816340389387194 -0.01025461185090124 0.03635880593680766 -0.0697564737447 0.731473108917 0.678292802042
0.04382113985778111 -0.007318704702251164 0.037790784280636265 -0.0697564737447 0.731473108917 0.678292802042
0.0 0.0 0.0 0.0 0.0 0.0
0.043821850867009175 -0.013192474831549924 0.034925873642828606 -0.0697564737447 0.731473108917 0.678292802042
0.04382342790041662 -0.019065795564377132 0.03206118219656294 -0.0697564737447 0.731473108917 0.678292802042
0.04382263890328252 -0.0249372305743172 0.029197410504976186 -0.0697564737447 0.731473108917 0.678292802042
0.0 0.0 0.0 0.0 0.0 0.0
0.03816482591232806 -0.022002152109498758 0.030628984661192342 -0.0697564737447 0.731473108917 0.678292802042
0.057471799166799994 -0.02208156954606253 0.03219653342654221 -0.0697564737399 0.751086405151 0.656508374942
0.0518117991668 -0.0250397935730874 0.030810099293259004 -0.0697564737399 0.751086405151 0.656508374942
0.0518117991668 -0.019124251005424874 0.0335825431845168 -0.0697564737399 0.751086405151 0.656508374942
0.057471799166799994 -0.0161660269784 0.0349689773178 -0.0697564737399 0.751086405151 0.656508374942
0.0518117991668 -0.01320780295137513 0.0363554114510832 -0.0697564737399 0.751086405151 0.656508374942
0.051811799166799996 -0.0072922603837126 0.03912785534234099 -0.0697564737399 0.751086405151 0.656508374942
0.0 0.0 0.0 0.0 0.0 0.0
0.057471799166799994 -0.01025048441073747 0.03774142120905778 -0.0697564737399 0.751086405151 0.656508374942
0.06313179916679999 -0.01320780295137513 0.0363554114510832 -0.0697564737399 0.751086405151 0.656508374942
0.0687887991668 -0.0161660269784 0.0349689773178 -0.0697564737399 0.751086405151 0.656508374942
0.0 0.0 0.0 0.0 0.0 0.0
0.06313179916679999 -0.019124251005424874 0.0335825431845168 -0.0697564737399 0.751086405151 0.656508374942
0.062223916544890824 -0.0316987701563552 0.023368760963136538 -0.0697564737521 0.961426447239 0.266069954935
0.056564603547574206 -0.029553176098426424 0.025834017853804105 -0.0697564737521 0.961426447239 0.266069954935
0.062222339511483385 -0.02740868239597122 0.028298010451767566 -0.0697564737521 0.961426447239 0.266069954935
0.0678816525088 -0.0295542764539 0.0258327535611 -0.0697564737521 0.961426447239 0.266069954935
0.06788094149957194 -0.02526386043793628 0.03076238021069811 -0.0697564737521 0.961426447239 0.266069954935
0.07353867746348111 -0.02311936673548108 0.03322637280866157 -0.0697564737521 0.961426447239 0.266069954935
0.0 0.0 0.0 0.0 0.0 0.0
0.07353938847270917 -0.0274097827514448 0.02829674615906346 -0.0697564737521 0.961426447239 0.266069954935
0.07354096550611662 -0.03169987051182877 0.02336749667043243 -0.0697564737521 0.961426447239 0.266069954935
0.07354017650898252 -0.03598858087141248 0.01843982979562414 -0.0697564737521 0.961426447239 0.266069954935
0.0 0.0 0.0 0.0 0.0 0.0
0.06788236351802805 -0.03384469246986371 0.02090312691150189 -0.0697564737521 0.961426447239 0.266069954935
0.08716774815789999 -0.034202690160881594 0.02280653792211625 -0.0697564737531 0.972868805277 0.220590847701
0.08150774815789999 -0.0364186727451234 0.020405973366363375 -0.0697564737531 0.972868805277 0.220590847701
0.08150774815789999 -0.03198738586944182 0.025206367686147126 -0.0697564737531 0.972868805277 0.220590847701
0.08716774815789999 -0.0297714032852 0.0276069322419 -0.0697564737531 0.972868805277 0.220590847701
0.08150774815789999 -0.02755542070095819 0.030007496797652872 -0.0697564737531 0.972868805277 0.220590847701
0.08150774815789999 -0.023124133825276602 0.03480789111743662 -0.0697564737531 0.972868805277 0.220590847701
0.0 0.0 0.0 0.0 0.0 0.0
0.08716774815789999 -0.02534011640951841 0.032407326561683755 -0.0697564737531 0.972868805277 0.220590847701
0.09282774815789999 -0.02755542070095819 0.030007496797652872 -0.0697564737531 0.972868805277 0.220590847701
0.09848474815789998 -0.0297714032852 0.0276069322419 -0.0697564737531 0.972868805277 0.220590847701
0.0 0.0 0.0 0.0 0.0 0.0
0.09282774815789999 -0.03198738586944182 0.025206367686147126 -0.0697564737531 0.972868805277 0.220590847701
0.10169412372170918 -0.019226197624457257 0.03658858034774127 -0.0697564737473 0.790928419754 0.60791962396
0.1016934127124811 -0.02521884809262221 0.03398146913782554 -0.0697564737473 0.790928419754 0.60791962396
0.09603567674857194 -0.022223520566764954 0.03528459068838427 -0.0697564737473 0.790928419754 0.60791962396
0.0960363877578 -0.0162308700986 0.0378917018983 -0.0697564737473 0.790928419754 0.60791962396
0.09037707476048339 -0.019227734549016398 0.0365879117065001 -0.0697564737473 0.790928419754 0.60791962396
0.0847193387965742 -0.016232407023159142 0.03789103325705883 -0.0697564737473 0.790928419754 0.60791962396
0.0 0.0 0.0 0.0 0.0 0.0
0.09037865179389082 -0.013235542572742745 0.039194823448858725 -0.0697564737473 0.790928419754 0.60791962396
0.09603709876702805 -0.01023821963043505 0.04049881310821573 -0.0697564737473 0.790928419754 0.60791962396
0.10169491175798252 -0.007243737560297429 0.04180156684204697 -0.0697564737473 0.790928419754 0.60791962396
0.0 0.0 0.0 0.0 0.0 0.0
0.10169570075511662 -0.013234005648183604 0.0391954920900999 -0.0697564737473 0.790928419754 0.60791962396
0.08621093711189999 -0.0065170859403030105 0.04007884168905262 -0.0697564737495 -2.54461066956e-12 0.997564050259
0.08055093711189999 -0.009776127692499163 0.03985094728929205 -0.0697564737495 -2.54461066956e-12 0.997564050259
0.08055093711189999 -0.003259041752157116 0.04030666633233943 -0.0697564737495 -2.54461066956e-12 0.997564050259
0.08621093711189999 3.90372179027e-14 0.040534560732099996 -0.0697564737495 -2.54461066956e-12 0.997564050259
0.08055093711189999 0.0032590417522351894 0.04076245513186056 -0.0697564737495 -2.54461066956e-12 0.997564050259
0.08055093711189999 0.009776127692577238 0.041218174174907946 -0.0697564737495 -2.54461066956e-12 0.997564050259
0.0 0.0 0.0 0.0 0.0 0.0
0.08621093711189999 0.006517085940381085 0.04099027977514738 -0.0697564737495 -2.54461066956e-12 0.997564050259
0.09187093711189999 0.0032590417522351907 0.04076245513186056 -0.0697564737495 -2.54461066956e-12 0.997564050259
0.0975279371119 3.903790918106e-14 0.040534560732099996 -0.0697564737495 -2.54461066956e-12 0.997564050259
0.0 0.0 0.0 0.0 0.0 0.0
0.09187093711189999 -0.003259041752157115 0.04030666633233943 -0.0697564737495 -2.54461066956e-12 0.997564050259
0.10169412372180918 0.013235542572836208 0.039194823448843716 -0.0697564737495 0.418602958594 0.905486387212
0.1016934127125811 0.007242892104658187 0.041801934658729396 -0.0697564737495 0.418602958594 0.905486387212
0.09603567674867194 0.010238219630521976 0.040498813108185684 -0.0697564737495 0.418602958594 0.905486387212
0.09603638775790001 0.016230870098699998 0.0378917018983 -0.0697564737495 0.418602958594 0.905486387212
0.09037707476058339 0.013234005648277066 0.03919549209008487 -0.0697564737495 0.418602958594 0.905486387212
0.0847193387966742 0.016229333174140857 0.03789237053954116 -0.0697564737495 0.418602958594 0.905486387212
0.0 0.0 0.0 0.0 0.0 0.0
0.09037865179399082 0.019226197624563787 0.036588580347756285 -0.0697564737495 0.418602958594 0.905486387212
0.09603709876712806 0.022223520566878024 0.03528459068841431 -0.0697564737495 0.418602958594 0.905486387212
0.10169491175808253 0.025218002637022174 0.03398183695459808 -0.0697564737495 0.418602958594 0.905486387212
0.0 0.0 0.0 0.0 0.0 0.0
0.10169570075521663 0.01922773454912293 0.03658791170651513 -0.0697564737495 0.418602958594 0.905486387212
0.09282550811875108 0.031987027928097406 0.025206755442658074 -0.0697564737471 0.432795716776 0.898789130948
0.09848479710650732 0.029770210024635275 0.02760822489612834 -0.0697564737471 0.432795716776 0.898789130948
0.09282703714565624 0.027554585381837866 0.030008401695370265 -0.0697564737471 0.432795716776 0.898789130948
0.08716774815789999 0.0297714032853 0.0276069322419 -0.0697564737471 0.432795716776 0.898789130948
0.08716841115695258 0.025338621595516385 0.0324089458873566 -0.0697564737471 0.432795716776 0.898789130948
0.08151065119610149 0.023122996952718987 0.034809122686598526 -0.0697564737471 0.432795716776 0.898789130948
0.0 0.0 0.0 0.0 0.0 0.0
0.08150998819704891 0.027555778642502596 0.030007109041141927 -0.0697564737471 0.432795716776 0.898789130948
0.08150845917014375 0.031988221188762135 0.025205462788429736 -0.0697564737471 0.432795716776 0.898789130948
0.08150929615836684 0.036419240617169446 0.020405358193264368 -0.0697564737471 0.432795716776 0.898789130948
0.0 0.0 0.0 0.0 0.0 0.0
0.08716708515884741 0.03420418497508362 0.0228049185964434 -0.0697564737471 0.432795716776 0.898789130948
0.06788170050278568 0.03384324566738035 0.020904789266854584 -0.0697564737495 -2.54727890864e-12 0.997564050259
0.07354172450329897 0.03598803123025599 0.018440461325428432 -0.0697564737495 -2.54727890864e-12 0.997564050259
0.0735416765093133 0.03169906201687564 0.02336842561957385 -0.0697564737495 -2.54727890864e-12 0.997564050259
0.0678816525088 0.029554276454 0.025832753561 -0.0697564737495 -2.54727890864e-12 0.997564050259
0.07354162850798122 0.027409436295120368 0.02829714423245402 -0.0697564737495 -2.54727890864e-12 0.997564050259
0.07354158051399556 0.023120467081740016 0.033225108526599434 -0.0697564737495 -2.54727890864e-12 0.997564050259
0.0 0.0 0.0 0.0 0.0 0.0
0.06788160451481433 0.025265307240619653 0.030760717855145416 -0.0697564737495 -2.54727890864e-12 0.997564050259
0.062221628508286705 0.02740949089112436 0.02829708150242615 -0.0697564737495 -2.54727890864e-12 0.997564050259
0.05656465250910538 0.029554331035535085 0.025832690847596703 -0.0697564737495 -2.54727890864e-12 0.997564050259
0.0 0.0 0.0 0.0 0.0 0.0
0.06222167650961877 0.03169911661287963 0.023368362889545986 -0.0697564737495 -2.54727890864e-12 0.997564050259
0.0574717991669 0.010250484410844002 0.03774142120907172 -0.069756473745 -0.432795716784 0.898789130945
0.0518117991669 0.007292260383822398 0.0391278553423619 -0.069756473745 -0.432795716784 0.898789130945
0.0518117991669 0.013207802951478395 0.036355411451090176 -0.069756473745 -0.432795716784 0.898789130945
0.0574717991669 0.0161660269785 0.0349689773178 -0.069756473745 -0.432795716784 0.898789130945
0.0518117991669 0.019124251005521602 0.03358254318450982 -0.069756473745 -0.432795716784 0.898789130945
0.05181179916689999 0.0250397935731776 0.030810099293238098 -0.069756473745 -0.432795716784 0.898789130945
0.0 0.0 0.0 0.0 0.0 0.0
0.0574717991669 0.022081569546155998 0.03219653342652827 -0.069756473745 -0.432795716784 0.898789130945
0.0631317991669 0.019124251005521602 0.03358254318450982 -0.069756473745 -0.432795716784 0.898789130945
0.06878879916689999 0.0161660269785 0.0349689773178 -0.069756473745 -0.432795716784 0.898789130945
0.0 0.0 0.0 0.0 0.0 0.0
0.0631317991669 0.013207802951478395 0.036355411451090176 -0.069756473745 -0.432795716784 0.898789130945
0.061231678988190825 -0.0032585567910352665 0.03895560779762405 -0.0697564737419 -0.418602958592 0.905486387213
0.0555723659908742 1.671989475940441e-06 0.03918358520249039 -0.0697564737419 -0.418602958592 0.905486387213
0.06123010195478338 0.003260228780558167 0.03941144569046634 -0.0697564737419 -0.418602958592 0.905486387213
0.0668894149521 4.6959769406400003e-14 0.0391834682856 -0.0697564737419 -0.418602958592 0.905486387213
0.06688870394287194 0.006519284355781077 0.0396393410568271 -0.0697564737419 -0.418602958592 0.905486387213
0.0725464399067811 0.009777841146863302 0.039867201544803055 -0.0697564737419 -0.418602958592 0.905486387213
0.0 0.0 0.0 0.0 0.0 0.0
0.07254715091600918 0.003258556791129186 0.03941132877357595 -0.0697564737419 -0.418602958592 0.905486387213
0.07254872794941662 -0.0032602287804642475 0.03895549088073366 -0.0697564737419 -0.418602958592 0.905486387213
0.07254793895228252 -0.009776921392434343 0.038499799341885375 -0.0697564737419 -0.418602958592 0.905486387213
0.0 0.0 0.0 0.0 0.0 0.0
0.06689012596132805 -0.006519284355687157 0.0387275955143729 -0.0697564737419 -0.418602958592 0.905486387213
0.06515310674465108 0.03813481080816177 0.00716436792958244 -0.0697564737414 -0.751086405149 0.656508374944
0.07081239573240733 0.03726523259960996 0.010314791852211395 -0.0697564737414 -0.751086405149 0.656508374944
0.06515463577155624 0.03639612246444819 0.013463519976128957 -0.0697564737414 -0.751086405149 0.656508374944
0.0594953467838 0.037265700672999995 0.0103130960535 -0.0697564737414 -0.751086405149 0.656508374944
0.059496009782852584 0.03552687929543747 0.016612730072819205 -0.0697564737414 -0.751086405149 0.656508374944
0.0538382498220015 0.034657769160275693 0.01976145819673677 -0.0697564737414 -0.751086405149 0.656508374944
0.0 0.0 0.0 0.0 0.0 0.0
0.053837586822948924 0.036396590537838225 0.013461824177417562 -0.0697564737414 -0.751086405149 0.656508374944
0.053836057796043765 0.038135278881551805 0.007162672130871043 -0.0697564737414 -0.751086405149 0.656508374944
0.05383689478426685 0.039873408987139224 0.0008655425438686155 -0.0697564737414 -0.751086405149 0.656508374944
0.0 0.0 0.0 0.0 0.0 0.0
0.05949468378474742 0.039004522050562526 0.004013462034180802 -0.0697564737414 -0.751086405149 0.656508374944
0.040260918588185673 0.03783862688919174 0.0018807981356294085 -0.0697564737376 -0.731473108926 0.678292802033
0.04592094258869897 0.03855928801631507 -0.00130568344339577 -0.0697564737376 -0.731473108926 0.678292802033
0.045920894594713296 0.03711816800832333 0.005066385460834821 -0.0697564737376 -0.731473108926 0.678292802033
0.0402608705942 0.036397506881200005 0.00825286703986 -0.0697564737376 -0.731473108926 0.678292802033
0.045920846593381234 0.035676827409483886 0.011439429731498025 -0.0697564737376 -0.731473108926 0.678292802033
0.04592079859939556 0.03423570740149214 0.017811498635728618 -0.0697564737376 -0.731473108926 0.678292802033
0.0 0.0 0.0 0.0 0.0 0.0
0.040260822600214324 0.03495638687320826 0.01462493594409059 -0.0697564737376 -0.731473108926 0.678292802033
0.0346008465936867 0.035676845754076675 0.011439348618885178 -0.0697564737376 -0.731473108926 0.678292802033
0.028943870594505382 0.03639752522093115 0.008252785948743423 -0.0697564737376 -0.731473108926 0.678292802033
0.0 0.0 0.0 0.0 0.0 0.0
0.034600894595018764 0.03711818635291612 0.0050663043482219745 -0.0697564737376 -0.731473108926 0.678292802033
0.0 0.0 0.0 0.0 0.0 0.0
0.0 0.0 0.0 0.0 0.0 0.0
0.0 0.0 0.0 0.0 0.0 0.0
0.0 0.0 0.0 0.0 0.0 0.0
0.0 0.0 0.0 0.0 0.0 0.0
0.0 0.0 0.0 0.0 0.0 0.0
0.0 0.0 0.0 0.0 0.0 0.0
0.0 0.0 0.0 0.0 0.0 0.0
0.0 0.0 0.0 0.0 0.0 0.0
0.0 0.0 0.0 0.0 0.0 0.0
0.0 0.0 0.0 0.0 0.0 0.0
0.0 0.0 0.0 0.0 0.0 0.0
0.0 0.0 0.0 0.0 0.0 0.0
0.0 0.0 0.0 0.0 0.0 0.0
0.0 0.0 0.0 0.0 0.0 0.0
0.0 0.0 0.0 0.0 0.0 0.0
0.0 0.0 0.0 0.0 0.0 0.0
0.0 0.0 0.0 0.0 0.0 0.0
0.0 0.0 0.0 0.0 0.0 0.0
0.0 0.0 0.0 0.0 0.0 0.0
0.0 0.0 0.0 0.0 0.0 0.0
0.0 0.0 0.0 0.0 0.0 0.0
0.0 0.0 0.0 0.0 0.0 0.0
0.0 0.0 0.0 0.0 0.0 0.0
0.0 0.0 0.0 0.0 0.0 0.0
0.0 0.0 0.0 0.0 0.0 0.0
0.0 0.0 0.0 0.0 0.0 0.0
0.0 0.0 0.0 0.0 0.0 0.0
0.0 0.0 0.0 0.0 0.0 0.0
0.0 0.0 0.0 0.0 0.0 0.0
0.0 0.0 0.0 0.0 0.0 0.0
0.0 0.0 0.0 0.0 0.0 0.0
0.0 0.0 0.0 0.0 0.0 0.0
0.0 0.0 0.0 0.0 0.0 0.0
0.0 0.0 0.0 0.0 0.0 0.0
0.0 0.0 0.0 0.0 0.0 0.0
0.017100725219079682 -0.015006077434593576 -0.03307998455173785 -0.0697564737469 0.265583356361 -0.961560978407
0.020368956721446212 -0.020447828890754086 -0.031525991972503956 -0.0697564737469 0.265583356361 -0.961560978407
0.02363542901206653 -0.015007547687200506 -0.033079564693966106 -0.0697564737469 0.265583356361 -0.961560978407
0.020367197509699998 -0.009565796231040001 -0.0346335572732 -0.0697564737469 0.265583356361 -0.961560978407
0.0269024012984454 -0.009566433745057683 -0.03463337521930419 -0.0697564737469 0.265583356361 -0.961560978407
0.03016887358906572 -0.004126152541504106 -0.03618694794076633 -0.0697564737469 0.265583356361 -0.961560978407
0.0 0.0 0.0 0.0 0.0 0.0
0.023633669800320316 -0.004125515027486423 -0.03618712999466214 -0.0697564737469 0.265583356361 -0.961560978407
0.017098966007333467 -0.004124044774879493 -0.03618754985243389 -0.0697564737469 0.265583356361 -0.961560978407
0.01056636030214578 -0.00412484959009419 -0.036187320022593006 -0.0697564737469 0.265583356361 -0.961560978407
0.0 0.0 0.0 0.0 0.0 0.0
0.013831993720954595 -0.009565158717022317 -0.03463373932709581 -0.0697564737469 0.265583356361 -0.961560978407
0.013834197509719587 0.00956578084803208 -0.0346335616661133 -0.0697564737445 -0.249266852384 -0.965919287867
0.010567211369924214 0.004123338017563485 -0.03618775168006458 -0.0697564737445 -0.249266852384 -0.965919287867
0.01710021136990463 0.004123353400611403 -0.03618774728715129 -0.0697564737445 -0.249266852384 -0.965919287867
0.020367197509699998 0.00956579623108 -0.0346335572732 -0.0697564737445 -0.249266852384 -0.965919287867
0.023634211369885038 0.004123368786013991 -0.03618774289356557 -0.0697564737445 -0.249266852384 -0.965919287867
0.03016721136986545 0.004123384169061911 -0.03618773850065228 -0.0697564737445 -0.249266852384 -0.965919287867
0.0 0.0 0.0 0.0 0.0 0.0
0.02690019750968041 0.00956581161412792 -0.0346335528802867 -0.0697564737445 -0.249266852384 -0.965919287867
0.02363418364949537 0.015008239061548597 -0.033079367259248704 -0.0697564737445 -0.249266852384 -0.965919287867
0.020367169796656724 0.020447781823679394 -0.03152600541334452 -0.0697564737445 -0.249266852384 -0.965919287867
0.0 0.0 0.0 0.0 0.0 0.0
0.01710018364951496 0.01500822367614601 -0.03307937165283442 -0.0697564737445 -0.249266852384 -0.965919287867
0.03414851102647968 0.013614037628980388 -0.03502163202620213 -0.0697564737458 0.861569427546 -0.502824179897
0.03741674252884621 0.008720107135741593 -0.03786363768669728 -0.0697564737458 0.861569427546 -0.502824179897
0.04068321481946653 0.013612715386661206 -0.03502239987939515 -0.0697564737458 0.861569427546 -0.502824179897
0.037414983317100005 0.0185066458799 -0.032180394218899996 -0.0697564737458 0.861569427546 -0.502824179897
0.043950187105845404 0.01850607254440018 -0.032180727166566114 -0.0697564737458 0.861569427546 -0.502824179897
0.04721665939646572 0.02339868079531979 -0.029339489359263983 -0.0697564737458 0.861569427546 -0.502824179897
0.0 0.0 0.0 0.0 0.0 0.0
0.040681455607720324 0.02339925413081961 -0.02933915641159787 -0.0697564737458 0.861569427546 -0.502824179897
0.03414675181473347 0.023400576373138793 -0.029338388558404843 -0.0697564737458 0.861569427546 -0.502824179897
0.027614146109545785 0.023399852578648662 -0.02933880888068789 -0.0697564737458 0.861569427546 -0.502824179897
0.0 0.0 0.0 0.0 0.0 0.0
0.0308797795283546 0.018507219215399818 -0.03218006127123388 -0.0697564737458 0.861569427546 -0.502824179897
0.04068146946231995 -0.023399247213645155 -0.02933916042854273 -0.0697564737414 -0.86156942755 -0.50282417989
0.04721667324942221 -0.023398660039041615 -0.029339501412859785 -0.0697564737414 -0.86156942755 -0.50282417989
0.043950187104102256 -0.01850605870529646 -0.032180735203217056 -0.0697564737414 -0.86156942755 -0.50282417989
0.037414983317 -0.0185066458799 -0.032180394218899996 -0.0697564737414 -0.86156942755 -0.50282417989
0.040683200960903027 -0.013612708465790746 -0.03502240389848636 -0.0697564737414 -0.86156942755 -0.50282417989
0.03741671481558308 -0.008720107132045588 -0.037863637688843634 -0.0697564737414 -0.86156942755 -0.50282417989
0.0 0.0 0.0 0.0 0.0 0.0
0.03414849717168005 -0.013614044546154844 -0.03502162800925726 -0.0697564737414 -0.86156942755 -0.50282417989
0.030879779529897743 -0.01850723305450354 -0.032180053234582943 -0.0697564737414 -0.86156942755 -0.50282417989
0.02761415996587926 -0.02339987333312108 -0.029338796828140726 -0.0697564737414 -0.86156942755 -0.50282417989
0.0 0.0 0.0 0.0 0.0 0.0
0.03414676567309697 -0.02340058329400925 -0.029338384539313637 -0.0697564737414 -0.86156942755 -0.50282417989
0.045002141661499996 -0.0321253033487 -0.0187487842462 -0.0697564737409 -0.49731582651 -0.864760662307
0.0482691416615 -0.029279318490522607 -0.023641224351814472 -0.0697564737409 -0.49731582651 -0.864760662307
0.0417361416615 -0.029279318490522607 -0.023641224351814472 -0.0697564737409 -0.49731582651 -0.864760662307
0.0384691416615 -0.0321253033487 -0.0187487842462 -0.0697564737409 -0.49731582651 -0.864760662307
0.03520214166149999 -0.029279318490522607 -0.023641224351814472 -0.0697564737409 -0.49731582651 -0.864760662307
0.028669141661499996 -0.029279318490522607 -0.023641224351814472 -0.0697564737409 -0.49731582651 -0.864760662307
0.0 0.0 0.0 0.0 0.0 0.0
0.031936141661499995 -0.0321253033487 -0.0187487842462 -0.0697564737409 -0.49731582651 -0.864760662307
0.03520214166149999 -0.0349712882068774 -0.013856344140585524 -0.0697564737409 -0.49731582651 -0.864760662307
0.0384691416615 -0.03781576459251513 -0.008966497201104767 -0.0697564737409 -0.49731582651 -0.864760662307
0.0 0.0 0.0 0.0 0.0 0.0
0.0417361416615 -0.0349712882068774 -0.013856344140585524 -0.0697564737409 -0.49731582651 -0.864760662307
0.0 0.0 0.0 0.0 0.0 0.0
0.0 0.0 0.0 0.0 0.0 0.0
0.0 0.0 0.0 0.0 0.0 0.0
0.0 0.0 0.0 0.0 0.0 0.0
0.0 0.0 0.0 0.0 0.0 0.0
0.0 0.0 0.0 0.0 0.0 0.0
0.0 0.0 0.0 0.0 0.0 0.0
0.0 0.0 0.0 0.0 0.0 0.0
0.0 0.0 0.0 0.0 0.0 0.0
0.0 0.0 0.0 0.0 0.0 0.0
0.0 0.0 0.0 0.0 0.0 0.0
0.0 0.0 0.0 0.0 0.0 0.0
0.05055938581427968 -0.015027670113047705 -0.03559149979489463 -0.069756473753 0.24926685238 -0.965919287867
0.05382761731664621 -0.020494086501934766 -0.03412662993369673 -0.069756473753 0.24926685238 -0.965919287867
0.05709408960726653 -0.015029147029627057 -0.0355911040163021 -0.069756473753 0.24926685238 -0.965919287867
0.0538258581049 -0.00956273064074 -0.0370559738775 -0.069756473753 0.24926685238 -0.965919287867
0.0603610618936454 -0.009563371044312726 -0.03705580226454081 -0.069756473753 0.24926685238 -0.965919287867
0.06362753418426571 -0.00409843157200502 -0.03852027634714618 -0.069756473753 0.24926685238 -0.965919287867
0.0 0.0 0.0 0.0 0.0 0.0
0.05709233039552032 -0.004097791168432294 -0.03852044796010537 -0.069756473753 0.24926685238 -0.965919287867
0.05055762660253347 -0.004096314251852941 -0.03852084373869791 -0.069756473753 0.24926685238 -0.965919287867
0.044025020897345786 -0.004097122714921327 -0.03852062708978232 -0.069756473753 0.24926685238 -0.965919287867
0.0 0.0 0.0 0.0 0.0 0.0
0.047290654316154604 -0.009562090237167274 -0.03705614549045919 -0.069756473753 0.24926685238 -0.965919287867
0.04729285810501959 0.009562715188017866 -0.0370559780184762 -0.0697564737384 -0.265583356359 -0.961560978408
0.04402587196522422 0.004095604291138304 -0.038521033991333775 -0.0697564737384 -0.265583356359 -0.961560978408
0.05055887196520463 0.004095619743910435 -0.03852102985035758 -0.0697564737384 -0.265583356359 -0.961560978408
0.053825858105 0.009562730640790001 -0.0370559738775 -0.0697564737384 -0.265583356359 -0.961560978408
0.05709287196518504 0.0040956351990479095 -0.03852102570874752 -0.0697564737384 -0.265583356359 -0.961560978408
0.06362587196516545 0.0040956506518200425 -0.03852102156777132 -0.0697564737384 -0.265583356359 -0.961560978408
0.0 0.0 0.0 0.0 0.0 0.0
0.060358858104980415 0.009562746093562134 -0.0370559697365238 -0.0697564737384 -0.265583356359 -0.961560978408
0.057092844244795375 0.015029841537669567 -0.03559091790464242 -0.0697564737384 -0.265583356359 -0.961560978408
0.05382583039195673 0.020494039221548063 -0.03412664260373168 -0.0697564737384 -0.265583356359 -0.961560978408
0.0 0.0 0.0 0.0 0.0 0.0
0.050558844244814966 0.015029826082532094 -0.03559092204625248 -0.0697564737384 -0.265583356359 -0.961560978408
0.0 0.0 0.0 0.0 0.0 0.0
0.0 0.0 0.0 0.0 0.0 0.0
0.0 0.0 0.0 0.0 0.0 0.0
0.0 0.0 0.0 0.0 0.0 0.0
0.0 0.0 0.0 0.0 0.0 0.0
0.0 0.0 0.0 0.0 0.0 0.0
0.0 0.0 0.0 0.0 0.0 0.0
0.0 0.0 0.0 0.0 0.0 0.0
0.0 0.0 0.0 0.0 0.0 0.0
0.0 0.0 0.0 0.0 0.0 0.0
0.0 0.0 0.0 0.0 0.0 0.0
0.0 0.0 0.0 0.0 0.0 0.0
0.0 0.0 0.0 0.0 0.0 0.0
0.0 0.0 0.0 0.0 0.0 0.0
0.0 0.0 0.0 0.0 0.0 0.0
0.0 0.0 0.0 0.0 0.0 0.0
0.0 0.0 0.0 0.0 0.0 0.0
0.0 0.0 0.0 0.0 0.0 0.0
0.0 0.0 0.0 0.0 0.0 0.0
0.0 0.0 0.0 0.0 0.0 0.0
0.0 0.0 0.0 0.0 0.0 0.0
0.0 0.0 0.0 0.0 0.0 0.0
0.0 0.0 0.0 0.0 0.0 0.0
0.0 0.0 0.0 0.0 0.0 0.0
0.0 0.0 0.0 0.0 0.0 0.0
0.0 0.0 0.0 0.0 0.0 0.0
0.0 0.0 0.0 0.0 0.0 0.0
0.0 0.0 0.0 0.0 0.0 0.0
0.0 0.0 0.0 0.0 0.0 0.0
0.0 0.0 0.0 0.0 0.0 0.0
0.0 0.0 0.0 0.0 0.0 0.0
0.0 0.0 0.0 0.0 0.0 0.0
0.0 0.0 0.0 0.0 0.0 0.0
0.0 0.0 0.0 0.0 0.0 0.0
0.0 0.0 0.0 0.0 0.0 0.0
0.0 0.0 0.0 0.0 0.0 0.0
0.0 0.0 0.0 0.0 0.0 0.0
0.0 0.0 0.0 0.0 0.0 0.0
0.0 0.0 0.0 0.0 0.0 0.0
0.0 0.0 0.0 0.0 0.0 0.0
0.0 0.0 0.0 0.0 0.0 0.0
0.0 0.0 0.0 0.0 0.0 0.0
0.0 0.0 0.0 0.0 0.0 0.0
0.0 0.0 0.0 0.0 0.0 0.0
0.0 0.0 0.0 0.0 0.0 0.0
0.0 0.0 0.0 0.0 0.0 0.0
0.0 0.0 0.0 0.0 0.0 0.0
0.0 0.0 0.0 0.0 0.0 0.0
0.03193614166141959 0.03212529530462119 -0.018748798074686452 -0.069756473753 0.497315826509 -0.864760662307
0.028669155521624218 0.02927930642370763 -0.023641245095564794 -0.069756473753 0.497315826509 -0.864760662307
0.03520215552160463 0.029279314467886446 -0.023641231267078344 -0.069756473753 0.497315826509 -0.864760662307
0.0384691416614 0.032125303348800004 -0.0187487842462 -0.069756473753 0.497315826509 -0.864760662307
0.04173615552158504 0.029279322513296582 -0.023641217436475178 -0.069756473753 0.497315826509 -0.864760662307
0.04826915552156545 0.029279330557475402 -0.023641203607988718 -0.069756473753 0.497315826509 -0.864760662307
0.0 0.0 0.0 0.0 0.0 0.0
0.04500214166138041 0.03212531139297881 -0.01874877041771355 -0.069756473753 0.497315826509 -0.864760662307
0.04173612780119537 0.034971292229713555 -0.013856337225321657 -0.069756473753 0.497315826509 -0.864760662307
0.038469113948356726 0.03781576459267729 -0.008966497201180182 -0.069756473753 0.497315826509 -0.864760662307
0.0 0.0 0.0 0.0 0.0 0.0
0.03520212780121496 0.03497128418430342 -0.013856351055924825 -0.069756473753 0.497315826509 -0.864760662307
