name    torso
spatial_sampling    taxel
taxel2Repr ( 3 3 3 3 3 3 -2 3 3 3 -2 3 15 15 15 15 15 15 -2 15 15 15 -2 15 27 27 27 27 27 27 -2 27 27 27 -2 27 39 39 39 39 39 39 -2 39 39 39 -2 39 51 51 51 51 51 51 -2 51 51 51 -2 51 63 63 63 63 63 63 -2 63 63 63 -2 63 -1 -1 -1 -1 -1 -1 -1 -1 -1 -1 -1 -1 -1 -1 -1 -1 -1 -1 -1 -1 -1 -1 -1 -1 99 99 99 99 99 99 -2 99 99 99 -2 99 111 111 111 111 111 111 -2 111 111 111 -2 111 123 123 123 123 123 123 -2 123 123 123 -2 123 135 135 135 135 135 135 -2 135 135 135 -2 135 147 147 147 147 147 147 -2 147 147 147 -2 147 159 159 159 159 159 159 -2 159 159 159 -2 159 171 171 171 171 171 171 -2 171 171 171 -2 171 183 183 183 183 183 183 -2 183 183 183 -2 183 195 195 195 195 195 195 -2 195 195 195 -2 195 207 207 207 207 207 207 -2 207 207 207 -2 207 219 219 219 219 219 219 -2 219 219 219 -2 219 -1 -1 -1 -1 -1 -1 -1 -1 -1 -1 -1 -1 -1 -1 -1 -1 -1 -1 -1 -1 -1 -1 -1 -1 -1 -1 -1 -1 -1 -1 -1 -1 -1 -1 -1 -1 -1 -1 -1 -1 -1 -1 -1 -1 -1 -1 -1 -1 -1 -1 -1 -1 -1 -1 -1 -1 -1 -1 -1 -1 291 291 291 291 291 291 -2 291 291 291 -2 291 303 303 303 303 303 303 -2 303 303 303 -2 303 315 315 315 315 315 315 -2 315 315 315 -2 315 327 327 327 327 327 327 -2 327 327 327 -2 327 339 339 339 339 339 339 -2 339 339 339 -2 339 351 351 351 351 351 351 -2 351 351 351 -2 351 363 363 363 363 363 363 -2 363 363 363 -2 363 375 375 375 375 375 375 -2 375 375 375 -2 375 )
[calibration]
0.00000000000000000000 0.00000000000000000000 0.00000000000000000000 0.98557584046900004182 0.09825463272239999546 -0.13779074654099998654
0.00110598091633850454 -0.00644093896672894451 0.00000066299905258135 0.98557584046900004182 0.09825463272239999546 -0.13779074654099998654
0.00055318162591758147 -0.00322158279353212430 0.00565842295990366412 0.98557584046900004182 0.09825463272239999546 -0.13779074654099998654
-0.00055279929042092307 0.00321935617319681934 0.00565775996085108365 0.98557584046900004182 0.09825463272239999546 -0.13779074654099998654
0.00000029771904320325 -0.00000173383659534017 0.01131704894860732086 0.98557584046900004182 0.09825463272239999546 -0.13779074654099998654
-0.00055250157137771982 0.00321762233660148091 0.01697480890945840537 0.98557584046900004182 0.09825463272239999546 -0.13779074654099998654
0.00000000000000000000 0.00000000000000000000 0.00000000000000000000 0.00000000000000000000 0.00000000000000000000 0.00000000000000000000
-0.00110559858084184615 0.00643871234639363695 0.01131551992170216729 0.98557584046900004182 0.09825463272239999546 -0.13779074654099998654
-0.00165878020675942761 0.00966029513992576298 0.00565709696179850317 0.98557584046900004182 0.09825463272239999546 -0.13779074654099998654
-0.00221143753126087916 0.01287882454133191558 -0.00000069203868207756 0.98557584046900004182 0.09825463272239999546 -0.13779074654099998654
0.00000000000000000000 0.00000000000000000000 0.00000000000000000000 0.00000000000000000000 0.00000000000000000000 0.00000000000000000000
-0.00110589629988504939 0.00644044618298897538 -0.00000152902690515183 0.98557584046900004182 0.09825463272239999546 -0.13779074654099998654
0.00000000000000000000 0.00000000000000000000 0.00000000000000000000 0.95770490026199994738 0.25525291191700000271 -0.13284304638399999088
0.00094042881541855222 -0.00312996150799552814 -0.00565931299731661959 0.95770490026199994738 0.25525291191700000271 -0.13284304638399999088
0.00188037533737123175 -0.00625831783337756076 -0.00000157703340744435 0.95770490026199994738 0.25525291191700000271 -0.13284304638399999088
0.00093994652195267953 -0.00312835632538203262 0.00565773596390917524 0.95770490026199994738 0.25525291191700000271 -0.13284304638399999088
0.00282046573603016160 -0.00938715301324075276 0.00565702495468111202 0.95770490026199994738 0.25525291191700000271 -0.13284304638399999088
0.00376041225798284112 -0.01251550933862278885 0.01131476091859028726 0.95770490026199994738 0.25525291191700000271 -0.13284304638399999088
0.00000000000000000000 0.00000000000000000000 0.00000000000000000000 0.00000000000000000000 0.00000000000000000000 0.00000000000000000000
0.00187989304390535905 -0.00625671265076406524 0.01131547192781834701 0.95770490026199994738 0.25525291191700000271 -0.13284304638399999088
-0.00000048229346587270 0.00000160518261349551 0.01131704896122579310 0.95770490026199994738 0.25525291191700000271 -0.13284304638399999088
-0.00188025390647546253 0.00625791368367119988 0.01131625996409169749 0.95770490026199994738 0.25525291191700000271 -0.13284304638399999088
0.00000000000000000000 0.00000000000000000000 0.00000000000000000000 0.00000000000000000000 0.00000000000000000000 0.00000000000000000000
-0.00094057269212480255 0.00313044036247668578 0.00565844697313723499 0.95770490026199994738 0.25525291191700000271 -0.13284304638399999088
0.00000000000000000000 0.00000000000000000000 0.00000000000000000000 0.82217292553900001018 0.54417052242700003628 -0.16706323064299999359
0.00372008507066419469 -0.00537306761798636567 0.00000066299905258135 0.82217292553900001018 0.54417052242700003628 -0.16706323064299999359
0.00186068554849447287 -0.00268746253861497364 0.00565842295990366412 0.82217292553900001018 0.54417052242700003628 -0.16706323064299999359
-0.00185939952216971488 0.00268560507937138510 0.00565775996085108365 0.82217292553900001018 0.54417052242700003628 -0.16706323064299999359
0.00000100140983583241 -0.00000144637626803279 0.01131704894860732086 0.82217292553900001018 0.54417052242700003628 -0.16706323064299999359
-0.00185839811233388247 0.00268415870310335231 0.01697480890945840537 0.82217292553900001018 0.54417052242700003628 -0.16706323064299999359
0.00000000000000000000 0.00000000000000000000 0.00000000000000000000 0.00000000000000000000 0.00000000000000000000 0.00000000000000000000
-0.00371879904433942976 0.00537121015874277019 0.01131551992170216729 0.82217292553900001018 0.54417052242700003628 -0.16706323064299999359
-0.00557948459283390263 0.00805867269735774383 0.00565709696179850317 0.82217292553900001018 0.54417052242700003628 -0.16706323064299999359
-0.00743840659745358124 0.01074358807903771917 -0.00000069203868207756 0.82217292553900001018 0.54417052242700003628 -0.16706323064299999359
0.00000000000000000000 0.00000000000000000000 0.00000000000000000000 0.00000000000000000000 0.00000000000000000000 0.00000000000000000000
-0.00371980045417526217 0.00537265653501079604 -0.00000152902690515183 0.82217292553900001018 0.54417052242700003628 -0.16706323064299999359
0.00000000000000000000 0.00000000000000000000 0.00000000000000000000 0.56474723263299997367 0.80628154285700004422 -0.17598476320600001110
0.00269711928104207632 -0.00184570121694555001 -0.00565931299731661959 0.56474723263299997367 0.80628154285700004422 -0.17598476320600001110
0.00539285536009735667 -0.00369045587672239134 -0.00000157703340744435 0.56474723263299997367 0.80628154285700004422 -0.17598476320600001110
0.00269573607905528034 -0.00184475465977684133 0.00565773596390917524 0.56474723263299997367 0.80628154285700004422 -0.17598476320600001110
0.00808900407287053286 -0.00553549291131322230 0.00565702495468111202 0.56474723263299997367 0.80628154285700004422 -0.17598476320600001110
0.01078474015192581320 -0.00738024757109007057 0.01131476091859028726 0.56474723263299997367 0.80628154285700004422 -0.17598476320600001110
0.00000000000000000000 0.00000000000000000000 0.00000000000000000000 0.00000000000000000000 0.00000000000000000000 0.00000000000000000000
0.00539147215811056069 -0.00368950931955368960 0.01131547192781834701 0.56474723263299997367 0.80628154285700004422 -0.17598476320600001110
-0.00000138320198679598 0.00000094655716870867 0.01131704896122579310 0.56474723263299997367 0.80628154285700004422 -0.17598476320600001110
-0.00539250710023451291 0.00369021755442899835 0.01131625996409169749 0.56474723263299997367 0.80628154285700004422 -0.17598476320600001110
0.00000000000000000000 0.00000000000000000000 0.00000000000000000000 0.00000000000000000000 0.00000000000000000000 0.00000000000000000000
-0.00269753191475997217 0.00184598359175952575 0.00565844697313723499 0.56474723263299997367 0.80628154285700004422 -0.17598476320600001110
0.00000000000000000000 0.00000000000000000000 0.00000000000000000000 0.62686190750100001523 0.77058269950400004600 -0.11509323242299999979
-0.00254541895121945111 0.00204795785180578171 -0.00566000000000000184 0.62686190750100001523 0.77058269950400004600 -0.11509323242299999979
0.00254463982083951573 -0.00204733098989826057 -0.00566000000000000184 0.62686190750100001523 0.77058269950400004600 -0.11509323242299999979
0.00509005877205895990 -0.00409528884170402147 0.00000000000000000000 0.62686190750100001523 0.77058269950400004600 -0.11509323242299999979
0.00763547772327840407 -0.00614324669350979624 -0.00566000000000000184 0.62686190750100001523 0.77058269950400004600 -0.11509323242299999979
0.01272553649533737091 -0.01023853553521382465 -0.00566000000000000184 0.62686190750100001523 0.77058269950400004600 -0.11509323242299999979
0.00000000000000000000 0.00000000000000000000 0.00000000000000000000 0.00000000000000000000 0.00000000000000000000 0.00000000000000000000
0.01018011754411792674 -0.00819057768340805681 0.00000000000000000000 0.62686190750100001523 0.77058269950400004600 -0.11509323242299999979
0.00763547772327840407 -0.00614324669350979624 0.00565999999999999837 0.62686190750100001523 0.77058269950400004600 -0.11509323242299999979
0.00509005877205895990 -0.00409528884170402147 0.01131700000000000067 0.62686190750100001523 0.77058269950400004600 -0.11509323242299999979
0.00000000000000000000 0.00000000000000000000 0.00000000000000000000 0.00000000000000000000 0.00000000000000000000 0.00000000000000000000
0.00254463982083951573 -0.00204733098989826057 0.00565999999999999837 0.62686190750100001523 0.77058269950400004600 -0.11509323242299999979
0.00000000000000000000 0.00000000000000000000 0.00000000000000000000 0.96924388606900002685 0.23370801024099999155 -0.07711585613530000383
0.00000000000000000000 0.00653520378369839942 -0.00000071100922804934 0.96924388606900002685 0.23370801024099999155 -0.07711585613530000383
0.00000000000000000000 0.00326868992903794030 -0.00565844697313723499 0.96924388606900002685 0.23370801024099999155 -0.07711585613530000383
0.00000000000000000000 -0.00326651385466045913 -0.00565773596390917177 0.96924388606900002685 0.23370801024099999155 -0.07711585613530000383
0.00000000000000000000 0.00000167607225676214 -0.01131704896122578963 0.96924388606900002685 0.23370801024099999155 -0.07711585613530000383
0.00000000000000000000 -0.00326483778240369872 -0.01697478492513496834 0.96924388606900002685 0.23370801024099999155 -0.07711585613530000383
0.00000000000000000000 0.00000000000000000000 0.00000000000000000000 0.00000000000000000000 0.00000000000000000000 0.00000000000000000000
0.00000000000000000000 -0.00653302770932091999 -0.01131547192781835742 0.96924388606900002685 0.23370801024099999155 -0.07711585613530000383
0.00000000000000000000 -0.00980171763835885855 -0.00565702495468112243 0.96924388606900002685 0.23370801024099999155 -0.07711585613530000383
0.00000000000000000000 -0.01306730949273793123 0.00000078803627334700 0.96924388606900002685 0.23370801024099999155 -0.07711585613530000383
0.00000000000000000000 0.00000000000000000000 0.00000000000000000000 0.00000000000000000000 0.00000000000000000000 0.00000000000000000000
0.00000000000000000000 -0.00653470378157768213 0.00000157703340744608 0.96924388606900002685 0.23370801024099999155 -0.07711585613530000383
0.00000000000000000000 0.00000000000000000000 0.00000000000000000000 0.00000000000000000000 0.00000000000000000000 0.00000000000000000000
0.00000000000000000000 0.00000000000000000000 0.00000000000000000000 0.00000000000000000000 0.00000000000000000000 0.00000000000000000000
0.00000000000000000000 0.00000000000000000000 0.00000000000000000000 0.00000000000000000000 0.00000000000000000000 0.00000000000000000000
0.00000000000000000000 0.00000000000000000000 0.00000000000000000000 0.00000000000000000000 0.00000000000000000000 0.00000000000000000000
0.00000000000000000000 0.00000000000000000000 0.00000000000000000000 0.00000000000000000000 0.00000000000000000000 0.00000000000000000000
0.00000000000000000000 0.00000000000000000000 0.00000000000000000000 0.00000000000000000000 0.00000000000000000000 0.00000000000000000000
0.00000000000000000000 0.00000000000000000000 0.00000000000000000000 0.00000000000000000000 0.00000000000000000000 0.00000000000000000000
0.00000000000000000000 0.00000000000000000000 0.00000000000000000000 0.00000000000000000000 0.00000000000000000000 0.00000000000000000000
0.00000000000000000000 0.00000000000000000000 0.00000000000000000000 0.00000000000000000000 0.00000000000000000000 0.00000000000000000000
0.00000000000000000000 0.00000000000000000000 0.00000000000000000000 0.00000000000000000000 0.00000000000000000000 0.00000000000000000000
0.00000000000000000000 0.00000000000000000000 0.00000000000000000000 0.00000000000000000000 0.00000000000000000000 0.00000000000000000000
0.00000000000000000000 0.00000000000000000000 0.00000000000000000000 0.00000000000000000000 0.00000000000000000000 0.00000000000000000000
0.00000000000000000000 0.00000000000000000000 0.00000000000000000000 0.00000000000000000000 0.00000000000000000000 0.00000000000000000000
0.00000000000000000000 0.00000000000000000000 0.00000000000000000000 0.00000000000000000000 0.00000000000000000000 0.00000000000000000000
0.00000000000000000000 0.00000000000000000000 0.00000000000000000000 0.00000000000000000000 0.00000000000000000000 0.00000000000000000000
0.00000000000000000000 0.00000000000000000000 0.00000000000000000000 0.00000000000000000000 0.00000000000000000000 0.00000000000000000000
0.00000000000000000000 0.00000000000000000000 0.00000000000000000000 0.00000000000000000000 0.00000000000000000000 0.00000000000000000000
0.00000000000000000000 0.00000000000000000000 0.00000000000000000000 0.00000000000000000000 0.00000000000000000000 0.00000000000000000000
0.00000000000000000000 0.00000000000000000000 0.00000000000000000000 0.00000000000000000000 0.00000000000000000000 0.00000000000000000000
0.00000000000000000000 0.00000000000000000000 0.00000000000000000000 0.00000000000000000000 0.00000000000000000000 0.00000000000000000000
0.00000000000000000000 0.00000000000000000000 0.00000000000000000000 0.00000000000000000000 0.00000000000000000000 0.00000000000000000000
0.00000000000000000000 0.00000000000000000000 0.00000000000000000000 0.00000000000000000000 0.00000000000000000000 0.00000000000000000000
0.00000000000000000000 0.00000000000000000000 0.00000000000000000000 0.00000000000000000000 0.00000000000000000000 0.00000000000000000000
0.00000000000000000000 0.00000000000000000000 0.00000000000000000000 0.00000000000000000000 0.00000000000000000000 0.00000000000000000000
0.00000000000000000000 0.00000000000000000000 0.00000000000000000000 0.88219379952400001077 0.46971795602600002750 -0.03315330856609999960
-0.00152616383687874391 0.00288861782570896258 -0.00565999999999999143 0.88219379952400001077 0.46971795602600002750 -0.03315330856609999960
0.00152569669153534981 -0.00288773364516849151 -0.00565999999999999143 0.88219379952400001077 0.46971795602600002750 -0.03315330856609999960
0.00305186052841410066 -0.00577635147087744716 0.00000000000000000000 0.88219379952400001077 0.46971795602600002750 -0.03315330856609999960
0.00457802436529285151 -0.00866496929658640280 -0.00565999999999999143 0.88219379952400001077 0.46971795602600002750 -0.03315330856609999960
0.00762988489370694523 -0.01444132076746384996 -0.00565999999999999143 0.88219379952400001077 0.46971795602600002750 -0.03315330856609999960
0.00000000000000000000 0.00000000000000000000 0.00000000000000000000 0.00000000000000000000 0.00000000000000000000 0.00000000000000000000
0.00610372105682820132 -0.01155270294175488738 0.00000000000000000000 0.88219379952400001077 0.46971795602600002750 -0.03315330856609999960
0.00457802436529285151 -0.00866496929658640280 0.00565999999999999837 0.88219379952400001077 0.46971795602600002750 -0.03315330856609999960
0.00305186052841410066 -0.00577635147087744716 0.01131699999999999373 0.88219379952400001077 0.46971795602600002750 -0.03315330856609999960
0.00000000000000000000 0.00000000000000000000 0.00000000000000000000 0.00000000000000000000 0.00000000000000000000 0.00000000000000000000
0.00152569669153534981 -0.00288773364516849151 0.00565999999999999837 0.88219379952400001077 0.46971795602600002750 -0.03315330856609999960
0.00000000000000000000 0.00000000000000000000 0.00000000000000000000 0.88418054046799998691 0.46714534339699997911 0.00000000000000000000
-0.00147215514414004295 0.00636723234428019508 -0.00000071100922804934 0.88418054046799998691 0.46714534339699997911 0.00000000000000000000
-0.00073632266917753736 0.00318467624399236537 -0.00565844697313723499 0.88418054046799998691 0.46714534339699997911 0.00000000000000000000
0.00073583247496250559 -0.00318255610028783664 -0.00565773596390917177 0.88418054046799998691 0.46714534339699997911 0.00000000000000000000
-0.00000037756104880743 0.00000163299291618124 -0.01131704896122578963 0.88418054046799998691 0.46714534339699997911 0.00000000000000000000
0.00073545491391369816 -0.00318092310737164846 -0.01697478492513496834 0.88418054046799998691 0.46714534339699997911 0.00000000000000000000
0.00000000000000000000 0.00000000000000000000 0.00000000000000000000 0.00000000000000000000 0.00000000000000000000 0.00000000000000000000
0.00147166494992501812 -0.00636511220057565941 -0.01131547192781835742 0.88418054046799998691 0.46714534339699997911 0.00000000000000000000
0.00220798761910254854 -0.00954978844456802999 -0.00565702495468112243 0.88418054046799998691 0.46714534339699997911 0.00000000000000000000
0.00294361239932407898 -0.01273144624233808232 0.00000078803627334700 0.88418054046799998691 0.46714534339699997911 0.00000000000000000000
0.00000000000000000000 0.00000000000000000000 0.00000000000000000000 0.00000000000000000000 0.00000000000000000000 0.00000000000000000000
0.00147204251097382555 -0.00636674519349184759 0.00000157703340744608 0.88418054046799998691 0.46714534339699997911 0.00000000000000000000
0.00000000000000000000 0.00000000000000000000 0.00000000000000000000 0.97429744427599995760 0.22526537700400001141 0.00000000000000000000
-0.00027747123768602500 0.00325643161532957436 0.00565928898775623634 0.97429744427599995760 0.22526537700400001141 0.00000000000000000000
-0.00055479311916512009 0.00651111037051313978 0.00000152902690514489 0.97429744427599995760 0.22526537700400001141 0.00000000000000000000
-0.00027732188147909509 0.00325467875518356368 -0.00565775996085109145 0.97429744427599995760 0.22526537700400001141 0.00000000000000000000
-0.00083215745003677177 0.00976628731623017769 -0.00565709696179851618 0.97429744427599995760 0.22526537700400001141 0.00000000000000000000
-0.00110947933151586686 0.01302096607141374311 -0.01131485692264958681 0.97429744427599995760 0.22526537700400001141 0.00000000000000000000
0.00000000000000000000 0.00000000000000000000 0.00000000000000000000 0.00000000000000000000 0.00000000000000000000 0.00000000000000000000
-0.00055464376295819018 0.00650935751036712910 -0.01131551992170216903 0.97429744427599995760 0.22526537700400001141 0.00000000000000000000
0.00000014935620692991 -0.00000175286014601067 -0.01131704894860732086 0.97429744427599995760 0.22526537700400001141 0.00000000000000000000
0.00055476434875588454 -0.00651077271796566930 -0.01131621196038425092 0.97429744427599995760 0.22526537700400001141 0.00000000000000000000
0.00000000000000000000 0.00000000000000000000 0.00000000000000000000 0.00000000000000000000 0.00000000000000000000 0.00000000000000000000
0.00027751368707858159 -0.00325692980586305032 -0.00565842295990366673 0.97429744427599995760 0.22526537700400001141 0.00000000000000000000
0.00000000000000000000 0.00000000000000000000 0.00000000000000000000 0.99638951921600005246 0.08489950528219999959 0.00000000000000000000
0.00028857477951617361 -0.00325418836428388765 0.00566002400051330429 0.99638951921600005246 0.08489950528219999959 0.00000000000000000000
-0.00028849379392362207 0.00325327510923978380 0.00565997600652762972 0.99638951921600005246 0.08489950528219999959 0.00000000000000000000
-0.00057706857343979567 0.00650746347352366972 -0.00000004799398566763 0.99638951921600005246 0.08489950528219999959 0.00000000000000000000
-0.00086565069869255773 0.00976173467391201061 0.00565992800519556777 0.99638951921600005246 0.08489950528219999959 0.00000000000000000000
-0.00144271927213235340 0.01626919814743568379 0.00565988001120990014 0.99638951921600005246 0.08489950528219999959 0.00000000000000000000
0.00000000000000000000 0.00000000000000000000 0.00000000000000000000 0.00000000000000000000 0.00000000000000000000 0.00000000000000000000
-0.00115413714687957747 0.01301492694704733596 -0.00000009598797133525 0.99638951921600005246 0.08489950528219999959 0.00000000000000000000
-0.00086564335295596928 0.00976165183780755216 -0.00566007199449896498 0.99638951921600005246 0.08489950528219999959 0.00000000000000000000
-0.00057706122964994166 0.00650738065937224441 -0.01131704799368028064 0.99638951921600005246 0.08489950528219999959 0.00000000000000000000
0.00000000000000000000 0.00000000000000000000 0.00000000000000000000 0.00000000000000000000 0.00000000000000000000 0.00000000000000000000
-0.00028848644818701974 0.00325319227313532709 -0.00566002399316690302 0.99638951921600005246 0.08489950528219999959 0.00000000000000000000
0.00000000000000000000 0.00000000000000000000 0.00000000000000000000 1.00000000000000000000 0.00000000000000000000 0.00000000000000000000
-0.00080401586398973907 0.00316651977578742000 -0.00566000000000000184 1.00000000000000000000 0.00000000000000000000 0.00000000000000000000
0.00080376976179690612 -0.00316555053190135244 -0.00566000000000000184 1.00000000000000000000 0.00000000000000000000 0.00000000000000000000
0.00160778562578664519 -0.00633207030768877938 0.00000000000000000000 1.00000000000000000000 0.00000000000000000000 0.00000000000000000000
0.00241180148977638426 -0.00949859008347619937 -0.00566000000000000184 1.00000000000000000000 0.00000000000000000000 0.00000000000000000000
0.00401958711556302944 -0.01583066039116498569 -0.00566000000000000184 1.00000000000000000000 0.00000000000000000000 0.00000000000000000000
0.00000000000000000000 0.00000000000000000000 0.00000000000000000000 0.00000000000000000000 0.00000000000000000000 0.00000000000000000000
0.00321557125157329038 -0.01266414061537755702 0.00000000000000000000 1.00000000000000000000 0.00000000000000000000 0.00000000000000000000
0.00241180148977638426 -0.00949859008347619937 0.00565999999999999837 1.00000000000000000000 0.00000000000000000000 0.00000000000000000000
0.00160778562578664519 -0.00633207030768877938 0.01131700000000000067 1.00000000000000000000 0.00000000000000000000 0.00000000000000000000
0.00000000000000000000 0.00000000000000000000 0.00000000000000000000 0.00000000000000000000 0.00000000000000000000 0.00000000000000000000
0.00080376976179690612 -0.00316555053190135244 0.00565999999999999837 1.00000000000000000000 0.00000000000000000000 0.00000000000000000000
0.00000000000000000000 0.00000000000000000000 0.00000000000000000000 0.99609114858400005232 0.08518165255859999618 -0.02337754864009999878
0.00153894653059345049 -0.00288317688919317167 -0.00565931299731662479 0.99609114858400005232 0.08518165255859999618 -0.02337754864009999878
0.00307710382138069033 -0.00576487515783386667 -0.00000157703340744608 0.99609114858400005232 0.08518165255859999618 -0.02337754864009999878
0.00153815729078723984 -0.00288169826864070194 0.00565773596390917177 0.99609114858400005232 0.08518165255859999618 -0.02337754864009999878
0.00461549655641876888 -0.00864701452524521685 0.00565702495468110855 0.99609114858400005232 0.08518165255859999618 -0.02337754864009999878
0.00615365384720600872 -0.01152871279388591186 0.01131476091859028726 0.99609114858400005232 0.08518165255859999618 -0.02337754864009999878
0.00000000000000000000 0.00000000000000000000 0.00000000000000000000 0.00000000000000000000 0.00000000000000000000 0.00000000000000000000
0.00307631458157447968 -0.00576339653728139695 0.01131547192781835048 0.99609114858400005232 0.08518165255859999618 -0.02337754864009999878
-0.00000078923980621065 0.00000147862055246278 0.01131704896122578963 0.99609114858400005232 0.08518165255859999618 -0.02337754864009999878
-0.00307690510814191687 0.00576450287367311076 0.01131625996409169749 0.99609114858400005232 0.08518165255859999618 -0.02337754864009999878
0.00000000000000000000 0.00000000000000000000 0.00000000000000000000 0.00000000000000000000 0.00000000000000000000 0.00000000000000000000
-0.00153918197484428920 0.00288361798796381297 0.00565844697313723499 0.99609114858400005232 0.08518165255859999618 -0.02337754864009999878
0.00000000000000000000 0.00000000000000000000 0.00000000000000000000 0.99777203702899996962 0.00000000000000324710 -0.06671553135060000195
-0.00021804180124752881 0.00326095000359860436 0.00565928898775623634 0.99777203702899996962 0.00000000000000324710 -0.06671553135060000195
-0.00043596623574865268 0.00652014471490962311 0.00000152902690515183 0.99777203702899996962 0.00000000000000324710 -0.06671553135060000195
-0.00021792443450112386 0.00325919471131101875 -0.00565775996085108451 0.99777203702899996962 0.00000000000000324710 -0.06671553135060000195
-0.00065392402773248315 0.00977983830800715701 -0.00565709696179850924 0.99777203702899996962 0.00000000000000324710 -0.06671553135060000195
-0.00087184846223360701 0.01303903301931817402 -0.01131485692264959028 0.99777203702899996962 0.00000000000000324710 -0.06671553135060000195
0.00000000000000000000 0.00000000000000000000 0.00000000000000000000 0.00000000000000000000 0.00000000000000000000 0.00000000000000000000
-0.00043584886900224773 0.00651838942262203749 -0.01131551992170217250 0.99777203702899996962 0.00000000000000324710 -0.06671553135060000195
0.00000011736674640495 -0.00000175529228758561 -0.01131704894860732086 0.99777203702899996962 0.00000000000000324710 -0.06671553135060000195
0.00043594362745272286 -0.00651980659385997113 -0.01131621196038424745 0.99777203702899996962 0.00000000000000324710 -0.06671553135060000195
0.00000000000000000000 0.00000000000000000000 0.00000000000000000000 0.00000000000000000000 0.00000000000000000000 0.00000000000000000000
0.00021807515873023542 -0.00326144888538511951 -0.00565842295990366673 0.99777203702899996962 0.00000000000000324710 -0.06671553135060000195
0.00000000000000000000 0.00000000000000000000 0.00000000000000000000 0.99281137913299999376 0.00000000000000457783 -0.11968945427299999829
0.00039102047033998111 -0.00324347349386248929 0.00566002400051329735 0.99281137913299999376 0.00000000000000457783 -0.11968945427299999829
-0.00039091073440065960 0.00324256324583837782 0.00565997600652762625 0.99281137913299999376 0.00000000000000457783 -0.11968945427299999829
-0.00078193120474064071 0.00648603673970086538 -0.00000004799398567110 0.99281137913299999376 0.00000000000000457783 -0.11968945427299999829
-0.00117296162859557157 0.00972959279691834773 0.00565992800519556083 0.99281137913299999376 0.00000000000000457783 -0.11968945427299999829
-0.00195489283333621922 0.01621562953661921658 0.00565988001120989320 0.99281137913299999376 0.00000000000000457783 -0.11968945427299999829
0.00000000000000000000 0.00000000000000000000 0.00000000000000000000 0.00000000000000000000 0.00000000000000000000 0.00000000000000000000
-0.00156386240948128835 0.01297207347940173075 -0.00000009598797134219 0.99281137913299999376 0.00000000000000457783 -0.11968945427299999829
-0.00117295167508062181 0.00972951023356335466 -0.00566007199449897191 0.99281137913299999376 0.00000000000000457783 -0.11968945427299999829
-0.00078192125386355310 0.00648595419822661952 -0.01131704799368028758 0.99281137913299999376 0.00000000000000457783 -0.11968945427299999829
0.00000000000000000000 0.00000000000000000000 0.00000000000000000000 0.00000000000000000000 0.00000000000000000000 0.00000000000000000000
-0.00039090078088571678 0.00324248068248338475 -0.00566002399316690649 0.99281137913299999376 0.00000000000000457783 -0.11968945427299999829
0.00000000000000000000 0.00000000000000000000 0.00000000000000000000 0.82223415397099997026 -0.54407992582599995490 -0.16705696739900000036
-0.00371950706563323880 -0.00537346775826715028 0.00000066299905258135 0.82223415397099997026 -0.54407992582599995490 -0.16705696739900000036
-0.00186039644607138149 -0.00268766267791924196 0.00565842295990366412 0.82223415397099997026 -0.54407992582599995490 -0.16705696739900000036
0.00185911061956187118 0.00268580508034790832 0.00565775996085108365 0.82223415397099997026 -0.54407992582599995490 -0.16705696739900000036
-0.00000100125424262743 -0.00000144648398180125 0.01131704894860732086 0.82223415397099997026 -0.54407992582599995490 -0.16705696739900000036
0.00185810936531922988 0.00268435859636610707 0.01697480890945840537 0.82223415397099997026 -0.54407992582599995490 -0.16705696739900000036
0.00000000000000000000 0.00000000000000000000 0.00000000000000000000 0.00000000000000000000 0.00000000000000000000 0.00000000000000000000
0.00371822123912374236 0.00537161016069582359 0.01131551992170216729 0.82223415397099997026 -0.54407992582599995490 -0.16705696739900000036
0.00557861768519512385 0.00805927283861506555 0.00565709696179850317 0.82223415397099997026 -0.54407992582599995490 -0.16705696739900000036
0.00743725086140083202 0.01074438816990875428 -0.00000069203868207756 0.82223415397099997026 -0.54407992582599995490 -0.16705696739900000036
0.00000000000000000000 0.00000000000000000000 0.00000000000000000000 0.00000000000000000000 0.00000000000000000000 0.00000000000000000000
0.00371922249336636979 0.00537305664467762484 -0.00000152902690515183 0.82223415397099997026 -0.54407992582599995490 -0.16705696739900000036
0.00000000000000000000 0.00000000000000000000 0.00000000000000000000 0.95771924191699997486 -0.25520121178499999282 -0.13283898209799999135
-0.00094027280309540856 -0.00313000837924794217 -0.00565931299731661959 0.95771924191699997486 -0.25520121178499999282 -0.13283898209799999135
-0.00188006339273495693 -0.00625841155184473502 -0.00000157703340744435 0.95771924191699997486 -0.25520121178499999282 -0.13283898209799999135
-0.00093979058963954837 -0.00312840317259679285 0.00565773596390917524 0.95771924191699997486 -0.25520121178499999282 -0.13283898209799999135
-0.00281999783521235531 -0.00938729358609353970 0.00565702495468111202 0.95771924191699997486 -0.25520121178499999282 -0.13283898209799999135
-0.00375978842485190368 -0.01251569675869032561 0.01131476091859028726 0.95771924191699997486 -0.25520121178499999282 -0.13283898209799999135
0.00000000000000000000 0.00000000000000000000 0.00000000000000000000 0.00000000000000000000 0.00000000000000000000 0.00000000000000000000
-0.00187958117927909674 -0.00625680634519358569 0.01131547192781834701 0.95771924191699997486 -0.25520121178499999282 -0.13283898209799999135
0.00000048221345586019 0.00000160520665114239 0.01131704896122579310 0.95771924191699997486 -0.25520121178499999282 -0.13283898209799999135
0.00187994198198396245 0.00625800739608620496 0.01131625996409169749 0.95771924191699997486 -0.25520121178499999282 -0.13283898209799999135
0.00000000000000000000 0.00000000000000000000 0.00000000000000000000 0.00000000000000000000 0.00000000000000000000 0.00000000000000000000
0.00094041665593325857 0.00313048724089994707 0.00565844697313723499 0.95771924191699997486 -0.25520121178499999282 -0.13283898209799999135
0.00000000000000000000 0.00000000000000000000 0.00000000000000000000 0.98557903982200001369 -0.09822425738420000052 -0.13778951891899998694
-0.00110585914433258825 -0.00644095987515279356 0.00000066299905258135 0.98557903982200001369 -0.09822425738420000052 -0.13778951891899998694
-0.00055312071886644276 -0.00322159325135805072 0.00565842295990366412 0.98557903982200001369 -0.09822425738420000052 -0.13778951891899998694
0.00055273842546614549 0.00321936662379474284 0.00565775996085108365 0.98557903982200001369 -0.09822425738420000052 -0.13778951891899998694
-0.00000029768626338272 -0.00000173384222367998 0.01131704894860732086 0.98557903982200001369 -0.09822425738420000052 -0.13778951891899998694
0.00055244073920275583 0.00321763278157105939 0.01697480890945840537 0.98557903982200001369 -0.09822425738420000052 -0.13778951891899998694
0.00000000000000000000 0.00000000000000000000 0.00000000000000000000 0.00000000000000000000 0.00000000000000000000 0.00000000000000000000
0.00110547685093229098 0.00643873324758948221 0.01131551992170216729 0.98557903982200001369 -0.09822425738420000052 -0.13778951891899998694
0.00165859756979874068 0.00966032649894752946 0.00565709696179850317 0.98557903982200001369 -0.09822425738420000052 -0.13778951891899998694
0.00221119404497631400 0.01287886634826776108 -0.00000069203868207756 0.98557903982200001369 -0.09822425738420000052 -0.13778951891899998694
0.00000000000000000000 0.00000000000000000000 0.00000000000000000000 0.00000000000000000000 0.00000000000000000000 0.00000000000000000000
0.00110577453719568064 0.00644046708981316565 -0.00000152902690515183 0.98557903982200001369 -0.09822425738420000052 -0.13778951891899998694
0.00000000000000000000 0.00000000000000000000 0.00000000000000000000 0.00000000000000000000 0.00000000000000000000 0.00000000000000000000
0.00000000000000000000 0.00000000000000000000 0.00000000000000000000 0.00000000000000000000 0.00000000000000000000 0.00000000000000000000
0.00000000000000000000 0.00000000000000000000 0.00000000000000000000 0.00000000000000000000 0.00000000000000000000 0.00000000000000000000
0.00000000000000000000 0.00000000000000000000 0.00000000000000000000 0.00000000000000000000 0.00000000000000000000 0.00000000000000000000
0.00000000000000000000 0.00000000000000000000 0.00000000000000000000 0.00000000000000000000 0.00000000000000000000 0.00000000000000000000
0.00000000000000000000 0.00000000000000000000 0.00000000000000000000 0.00000000000000000000 0.00000000000000000000 0.00000000000000000000
0.00000000000000000000 0.00000000000000000000 0.00000000000000000000 0.00000000000000000000 0.00000000000000000000 0.00000000000000000000
0.00000000000000000000 0.00000000000000000000 0.00000000000000000000 0.00000000000000000000 0.00000000000000000000 0.00000000000000000000
0.00000000000000000000 0.00000000000000000000 0.00000000000000000000 0.00000000000000000000 0.00000000000000000000 0.00000000000000000000
0.00000000000000000000 0.00000000000000000000 0.00000000000000000000 0.00000000000000000000 0.00000000000000000000 0.00000000000000000000
0.00000000000000000000 0.00000000000000000000 0.00000000000000000000 0.00000000000000000000 0.00000000000000000000 0.00000000000000000000
0.00000000000000000000 0.00000000000000000000 0.00000000000000000000 0.00000000000000000000 0.00000000000000000000 0.00000000000000000000
0.00000000000000000000 0.00000000000000000000 0.00000000000000000000 0.00000000000000000000 0.00000000000000000000 0.00000000000000000000
0.00000000000000000000 0.00000000000000000000 0.00000000000000000000 0.00000000000000000000 0.00000000000000000000 0.00000000000000000000
0.00000000000000000000 0.00000000000000000000 0.00000000000000000000 0.00000000000000000000 0.00000000000000000000 0.00000000000000000000
0.00000000000000000000 0.00000000000000000000 0.00000000000000000000 0.00000000000000000000 0.00000000000000000000 0.00000000000000000000
0.00000000000000000000 0.00000000000000000000 0.00000000000000000000 0.00000000000000000000 0.00000000000000000000 0.00000000000000000000
0.00000000000000000000 0.00000000000000000000 0.00000000000000000000 0.00000000000000000000 0.00000000000000000000 0.00000000000000000000
0.00000000000000000000 0.00000000000000000000 0.00000000000000000000 0.00000000000000000000 0.00000000000000000000 0.00000000000000000000
0.00000000000000000000 0.00000000000000000000 0.00000000000000000000 0.00000000000000000000 0.00000000000000000000 0.00000000000000000000
0.00000000000000000000 0.00000000000000000000 0.00000000000000000000 0.00000000000000000000 0.00000000000000000000 0.00000000000000000000
0.00000000000000000000 0.00000000000000000000 0.00000000000000000000 0.00000000000000000000 0.00000000000000000000 0.00000000000000000000
0.00000000000000000000 0.00000000000000000000 0.00000000000000000000 0.00000000000000000000 0.00000000000000000000 0.00000000000000000000
0.00000000000000000000 0.00000000000000000000 0.00000000000000000000 0.00000000000000000000 0.00000000000000000000 0.00000000000000000000
0.00000000000000000000 0.00000000000000000000 0.00000000000000000000 0.00000000000000000000 0.00000000000000000000 0.00000000000000000000
0.00000000000000000000 0.00000000000000000000 0.00000000000000000000 0.00000000000000000000 0.00000000000000000000 0.00000000000000000000
0.00000000000000000000 0.00000000000000000000 0.00000000000000000000 0.00000000000000000000 0.00000000000000000000 0.00000000000000000000
0.00000000000000000000 0.00000000000000000000 0.00000000000000000000 0.00000000000000000000 0.00000000000000000000 0.00000000000000000000
0.00000000000000000000 0.00000000000000000000 0.00000000000000000000 0.00000000000000000000 0.00000000000000000000 0.00000000000000000000
0.00000000000000000000 0.00000000000000000000 0.00000000000000000000 0.00000000000000000000 0.00000000000000000000 0.00000000000000000000
0.00000000000000000000 0.00000000000000000000 0.00000000000000000000 0.00000000000000000000 0.00000000000000000000 0.00000000000000000000
0.00000000000000000000 0.00000000000000000000 0.00000000000000000000 0.00000000000000000000 0.00000000000000000000 0.00000000000000000000
0.00000000000000000000 0.00000000000000000000 0.00000000000000000000 0.00000000000000000000 0.00000000000000000000 0.00000000000000000000
0.00000000000000000000 0.00000000000000000000 0.00000000000000000000 0.00000000000000000000 0.00000000000000000000 0.00000000000000000000
0.00000000000000000000 0.00000000000000000000 0.00000000000000000000 0.00000000000000000000 0.00000000000000000000 0.00000000000000000000
0.00000000000000000000 0.00000000000000000000 0.00000000000000000000 0.00000000000000000000 0.00000000000000000000 0.00000000000000000000
0.00000000000000000000 0.00000000000000000000 0.00000000000000000000 0.00000000000000000000 0.00000000000000000000 0.00000000000000000000
0.00000000000000000000 0.00000000000000000000 0.00000000000000000000 0.00000000000000000000 0.00000000000000000000 0.00000000000000000000
0.00000000000000000000 0.00000000000000000000 0.00000000000000000000 0.00000000000000000000 0.00000000000000000000 0.00000000000000000000
0.00000000000000000000 0.00000000000000000000 0.00000000000000000000 0.00000000000000000000 0.00000000000000000000 0.00000000000000000000
0.00000000000000000000 0.00000000000000000000 0.00000000000000000000 0.00000000000000000000 0.00000000000000000000 0.00000000000000000000
0.00000000000000000000 0.00000000000000000000 0.00000000000000000000 0.00000000000000000000 0.00000000000000000000 0.00000000000000000000
0.00000000000000000000 0.00000000000000000000 0.00000000000000000000 0.00000000000000000000 0.00000000000000000000 0.00000000000000000000
0.00000000000000000000 0.00000000000000000000 0.00000000000000000000 0.00000000000000000000 0.00000000000000000000 0.00000000000000000000
0.00000000000000000000 0.00000000000000000000 0.00000000000000000000 0.00000000000000000000 0.00000000000000000000 0.00000000000000000000
0.00000000000000000000 0.00000000000000000000 0.00000000000000000000 0.00000000000000000000 0.00000000000000000000 0.00000000000000000000
0.00000000000000000000 0.00000000000000000000 0.00000000000000000000 0.00000000000000000000 0.00000000000000000000 0.00000000000000000000
0.00000000000000000000 0.00000000000000000000 0.00000000000000000000 0.00000000000000000000 0.00000000000000000000 0.00000000000000000000
0.00000000000000000000 0.00000000000000000000 0.00000000000000000000 0.00000000000000000000 0.00000000000000000000 0.00000000000000000000
0.00000000000000000000 0.00000000000000000000 0.00000000000000000000 0.00000000000000000000 0.00000000000000000000 0.00000000000000000000
0.00000000000000000000 0.00000000000000000000 0.00000000000000000000 0.00000000000000000000 0.00000000000000000000 0.00000000000000000000
0.00000000000000000000 0.00000000000000000000 0.00000000000000000000 0.00000000000000000000 0.00000000000000000000 0.00000000000000000000
0.00000000000000000000 0.00000000000000000000 0.00000000000000000000 0.00000000000000000000 0.00000000000000000000 0.00000000000000000000
0.00000000000000000000 0.00000000000000000000 0.00000000000000000000 0.00000000000000000000 0.00000000000000000000 0.00000000000000000000
0.00000000000000000000 0.00000000000000000000 0.00000000000000000000 0.00000000000000000000 0.00000000000000000000 0.00000000000000000000
0.00000000000000000000 0.00000000000000000000 0.00000000000000000000 0.00000000000000000000 0.00000000000000000000 0.00000000000000000000
0.00000000000000000000 0.00000000000000000000 0.00000000000000000000 0.00000000000000000000 0.00000000000000000000 0.00000000000000000000
0.00000000000000000000 0.00000000000000000000 0.00000000000000000000 0.00000000000000000000 0.00000000000000000000 0.00000000000000000000
0.00000000000000000000 0.00000000000000000000 0.00000000000000000000 0.00000000000000000000 0.00000000000000000000 0.00000000000000000000
0.00000000000000000000 0.00000000000000000000 0.00000000000000000000 0.00000000000000000000 0.00000000000000000000 0.00000000000000000000
0.00000000000000000000 0.00000000000000000000 0.00000000000000000000 0.96925534949000002882 -0.23366146976200000140 -0.07711280720049999704
0.00027728251691185035 0.00325521172979808399 -0.00565999999999999143 0.96925534949000002882 -0.23366146976200000140 -0.07711280720049999704
-0.00027719764316930240 -0.00325421533808403773 -0.00565999999999999143 0.96925534949000002882 -0.23366146976200000140 -0.07711280720049999704
-0.00055448016008115275 -0.00650942706788212172 0.00000000000000000000 0.96925534949000002882 -0.23366146976200000140 -0.07711280720049999704
-0.00083176267699300310 -0.00976463879768020224 -0.00565999999999999143 0.96925534949000002882 -0.23366146976200000140 -0.07711280720049999704
-0.00138624283707416973 -0.01627406586556232396 -0.00565999999999999143 0.96925534949000002882 -0.23366146976200000140 -0.07711280720049999704
0.00000000000000000000 0.00000000000000000000 0.00000000000000000000 0.00000000000000000000 0.00000000000000000000 0.00000000000000000000
-0.00110896032016231938 -0.01301885413576423997 0.00000000000000000000 0.96925534949000002882 -0.23366146976200000140 -0.07711280720049999704
-0.00083176267699300310 -0.00976463879768020224 0.00565999999999999837 0.96925534949000002882 -0.23366146976200000140 -0.07711280720049999704
-0.00055448016008115275 -0.00650942706788212172 0.01131699999999999373 0.96925534949000002882 -0.23366146976200000140 -0.07711280720049999704
0.00000000000000000000 0.00000000000000000000 0.00000000000000000000 0.00000000000000000000 0.00000000000000000000 0.00000000000000000000
-0.00027719764316930240 -0.00325421533808403773 0.00565999999999999837 0.96925534949000002882 -0.23366146976200000140 -0.07711280720049999704
0.00000000000000000000 0.00000000000000000000 0.00000000000000000000 0.99609337598699998484 -0.08515573271659999943 -0.02337707209990000021
0.00147186102352429155 0.00636730034016740054 -0.00000071100922804934 0.99609337598699998484 -0.08515573271659999943 -0.02337707209990000021
0.00073617555990192901 0.00318471025325650983 -0.00565844697313723499 0.99609337598699998484 -0.08515573271659999943 -0.02337707209990000021
-0.00073568546362237641 -0.00318259008691088724 -0.00565773596390917177 0.99609337598699998484 -0.08515573271659999943 -0.02337707209990000021
0.00000037748561620282 0.00000163301035497124 -0.01131704896122578963 0.99609337598699998484 -0.08515573271659999943 -0.02337707209990000021
-0.00073530797800615971 -0.00318095707655591947 -0.01697478492513496834 0.99609337598699998484 -0.08515573271659999943 -0.02337707209990000021
0.00000000000000000000 0.00000000000000000000 0.00000000000000000000 0.00000000000000000000 0.00000000000000000000 0.00000000000000000000
-0.00147137092724475282 -0.00636518017382178142 -0.01131547192781835742 0.99609337598699998484 -0.08515573271659999943 -0.02337707209990000021
-0.00220754648714667490 -0.00954989042707828778 -0.00565702495468112243 0.99609337598699998484 -0.08515573271659999943 -0.02337707209990000021
-0.00294302429752321681 -0.01273158220187840112 0.00000078803627334700 0.99609337598699998484 -0.08515573271659999943 -0.02337707209990000021
0.00000000000000000000 0.00000000000000000000 0.00000000000000000000 0.00000000000000000000 0.00000000000000000000 0.00000000000000000000
-0.00147174841286095565 -0.00636681318417675612 0.00000157703340744608 0.99609337598699998484 -0.08515573271659999943 -0.02337707209990000021
0.00000000000000000000 0.00000000000000000000 0.00000000000000000000 0.99639171404899995466 -0.08487374255570000192 0.00000000000000000000
0.00152648460297438032 0.00288984115652454049 0.00565928898775623634 0.99639171404899995466 -0.08487374255570000192 0.00000000000000000000
0.00305214753537798311 0.00577812677987968315 0.00000152902690514489 0.99639171404899995466 -0.08487374255570000192 0.00000000000000000000
0.00152566293240360279 0.00288828562335513572 -0.00565775996085109145 0.99639171404899995466 -0.08487374255570000192 0.00000000000000000000
0.00457804399953307128 0.00866685451032549181 -0.00565709696179851618 0.99639171404899995466 -0.08487374255570000192 0.00000000000000000000
0.00610370693193668101 0.01155514013368062753 -0.01131485692264958681 0.99639171404899995466 -0.08487374255570000192 0.00000000000000000000
0.00000000000000000000 0.00000000000000000000 0.00000000000000000000 0.00000000000000000000 0.00000000000000000000 0.00000000000000000000
0.00305132586480721252 0.00577657124671027145 -0.01131551992170216903 0.99639171404899995466 -0.08487374255570000192 0.00000000000000000000
-0.00000082167057077059 -0.00000155553316941170 -0.01131704894860732086 0.99639171404899995466 -0.08487374255570000192 0.00000000000000000000
-0.00305198925739897514 -0.00577782713832612066 -0.01131621196038425092 0.99639171404899995466 -0.08487374255570000192 0.00000000000000000000
0.00000000000000000000 0.00000000000000000000 0.00000000000000000000 0.00000000000000000000 0.00000000000000000000 0.00000000000000000000
-0.00152671813472585877 -0.00289028326361522037 -0.00565842295990366673 0.99639171404899995466 -0.08487374255570000192 0.00000000000000000000
0.00000000000000000000 0.00000000000000000000 0.00000000000000000000 0.97430784883099996740 -0.22522037142799999909 0.00000000000000000000
-0.00153811059187421162 -0.00288222711124189179 0.00566002400051330429 0.97430784883099996740 -0.22522037142799999909 0.00000000000000000000
0.00153767893669658207 0.00288141824336059227 0.00565997600652762972 0.97430784883099996740 -0.22522037142799999909 0.00000000000000000000
0.00307578952857079368 0.00576364535460249100 -0.00000004799398566763 0.97430784883099996740 -0.22522037142799999909 0.00000000000000000000
0.00461393927339971005 0.00864594583359060143 0.00565992800519556777 0.97430784883099996740 -0.22522037142799999909 0.00000000000000000000
0.00768972880197050374 0.01440959118819309243 0.00565988001120990014 0.97430784883099996740 -0.22522037142799999909 0.00000000000000000000
0.00000000000000000000 0.00000000000000000000 0.00000000000000000000 0.00000000000000000000 0.00000000000000000000 0.00000000000000000000
0.00615157905714158737 0.01152729070920497506 -0.00000009598797133525 0.97430784883099996740 -0.22522037142799999909 0.00000000000000000000
0.00461390012044499837 0.00864587246584438279 -0.00566007199449896498 0.97430784883099996740 -0.22522037142799999909 0.00000000000000000000
0.00307575038599230272 0.00576357200630002453 -0.01131704799368028064 0.97430784883099996740 -0.22522037142799999909 0.00000000000000000000
0.00000000000000000000 0.00000000000000000000 0.00000000000000000000 0.00000000000000000000 0.00000000000000000000 0.00000000000000000000
0.00153763978374187038 0.00288134487561437364 -0.00566002399316690302 0.97430784883099996740 -0.22522037142799999909 0.00000000000000000000
0.00000000000000000000 0.00000000000000000000 0.00000000000000000000 0.88422168210300000624 -0.46706746504099999617 0.00000000000000000000
0.00080386835334095991 0.00316655722678382823 -0.00566000000000000184 0.88422168210300000624 -0.46706746504099999617 0.00000000000000000000
-0.00080362229629983573 -0.00316558797143434364 -0.00566000000000000184 0.88422168210300000624 -0.46706746504099999617 0.00000000000000000000
-0.00160749064964078869 -0.00633214519821817534 0.00000000000000000000 0.88422168210300000624 -0.46706746504099999617 0.00000000000000000000
-0.00241135900298174860 -0.00949870242500200357 -0.00566000000000000184 0.88422168210300000624 -0.46706746504099999617 0.00000000000000000000
-0.00401884965262253729 -0.01583084762322016503 -0.00566000000000000184 0.88422168210300000624 -0.46706746504099999617 0.00000000000000000000
0.00000000000000000000 0.00000000000000000000 0.00000000000000000000 0.00000000000000000000 0.00000000000000000000 0.00000000000000000000
-0.00321498129928157739 -0.01266429039643634374 0.00000000000000000000 0.88422168210300000624 -0.46706746504099999617 0.00000000000000000000
-0.00241135900298174860 -0.00949870242500200357 0.00565999999999999837 0.88422168210300000624 -0.46706746504099999617 0.00000000000000000000
-0.00160749064964078869 -0.00633214519821817534 0.01131700000000000067 0.88422168210300000624 -0.46706746504099999617 0.00000000000000000000
0.00000000000000000000 0.00000000000000000000 0.00000000000000000000 0.00000000000000000000 0.00000000000000000000 0.00000000000000000000
-0.00080362229629983573 -0.00316558797143434364 0.00565999999999999837 0.88422168210300000624 -0.46706746504099999617 0.00000000000000000000
0.00000000000000000000 0.00000000000000000000 0.00000000000000000000 0.88223562754600004521 -0.46963956755500002593 -0.03315077790070000002
-0.00028860145842399265 -0.00325542233766968475 -0.00565931299731662479 0.88223562754600004521 -0.46963956755500002593 -0.03315077790070000002
-0.00057705490926319991 -0.00650917515086673129 -0.00000157703340744608 0.88223562754600004521 -0.46963956755500002593 -0.03315077790070000002
-0.00028845345083920726 -0.00325375281319705001 0.00565773596390917177 0.88223562754600004521 -0.46963956755500002593 -0.03315077790070000002
-0.00086555251339351380 -0.00976342601286420489 0.00565702495468110855 0.88223562754600004521 -0.46963956755500002593 -0.03315077790070000002
-0.00115400596423272106 -0.01301717882606125143 0.01131476091859028726 0.88223562754600004521 -0.46963956755500002593 -0.03315077790070000002
0.00000000000000000000 0.00000000000000000000 0.00000000000000000000 0.00000000000000000000 0.00000000000000000000 0.00000000000000000000
-0.00057690690167841452 -0.00650750562639409655 0.01131547192781835048 0.88223562754600004521 -0.46963956755500002593 -0.03315077790070000002
0.00000014800758479927 0.00000166952447263474 0.01131704896122578963 0.88223562754600004521 -0.46963956755500002593 -0.03315077790070000002
0.00057701764420597934 0.00650875480129420314 0.01131625996409169749 0.88223562754600004521 -0.46963956755500002593 -0.03315077790070000002
0.00000000000000000000 0.00000000000000000000 0.00000000000000000000 0.00000000000000000000 0.00000000000000000000 0.00000000000000000000
0.00028864561171511316 0.00325592038647010834 0.00565844697313723499 0.88223562754600004521 -0.46963956755500002593 -0.03315077790070000002
0.00000000000000000000 0.00000000000000000000 0.00000000000000000000 0.62697966758300005541 -0.77048775090699994639 -0.11508745430899999795
0.00254606875308985292 0.00204911470093805531 0.00565928898775623634 0.62697966758300005541 -0.77048775090699994639 -0.11508745430899999795
0.00509076701756717986 0.00409712641188025861 0.00000152902690515183 0.62697966758300005541 -0.77048775090699994639 -0.11508745430899999795
0.00254469826447732000 0.00204801171094220330 -0.00565775996085108451 0.62697966758300005541 -0.77048775090699994639 -0.11508745430899999795
0.00763585479655001786 0.00614545160999695889 -0.00565709696179850924 0.62697966758300005541 -0.77048775090699994639 -0.11508745430899999795
0.01018055306102733787 0.00819346332093916913 -0.01131485692264959028 0.62697966758300005541 -0.77048775090699994639 -0.11508745430899999795
0.00000000000000000000 0.00000000000000000000 0.00000000000000000000 0.00000000000000000000 0.00000000000000000000 0.00000000000000000000
0.00508939652895464695 0.00409602342188442048 -0.01131551992170217250 0.62697966758300005541 -0.77048775090699994639 -0.11508745430899999795
-0.00000137048861253292 -0.00000110298999585201 -0.01131704894860732086 0.62697966758300005541 -0.77048775090699994639 -0.11508745430899999795
-0.00509050302105135133 -0.00409691394348522808 -0.01131621196038424745 0.62697966758300005541 -0.77048775090699994639 -0.11508745430899999795
0.00000000000000000000 0.00000000000000000000 0.00000000000000000000 0.00000000000000000000 0.00000000000000000000 0.00000000000000000000
-0.00254645826759537092 -0.00204942818811255922 -0.00565842295990366673 0.62697966758300005541 -0.77048775090699994639 -0.11508745430899999795
0.00000000000000000000 0.00000000000000000000 0.00000000000000000000 0.56488342695200000065 -0.80618735676700004067 -0.17597914576300000000
-0.00269579842477084969 -0.00184545066761929166 0.00566002400051329735 0.56488342695200000065 -0.80618735676700004067 -0.17597914576300000000
0.00269504187621442265 0.00184493276055854027 0.00565997600652762625 0.56488342695200000065 -0.80618735676700004067 -0.17597914576300000000
0.00539084030098527234 0.00369038342817782500 -0.00000004799398567110 0.56488342695200000065 -0.80618735676700004067 -0.17597914576300000000
0.00808670734791774870 0.00553588107216330949 0.00565992800519556083 0.56488342695200000065 -0.80618735676700004067 -0.17597914576300000000
0.01347754764890302798 0.00922626450034114143 0.00565988001120989320 0.56488342695200000065 -0.80618735676700004067 -0.17597914576300000000
0.00000000000000000000 0.00000000000000000000 0.00000000000000000000 0.00000000000000000000 0.00000000000000000000 0.00000000000000000000
0.01078168060197055161 0.00738076685635565694 -0.00000009598797134219 0.56488342695200000065 -0.80618735676700004067 -0.17597914576300000000
0.00808663872575612203 0.00553583409579711666 -0.00566007199449897191 0.56488342695200000065 -0.80618735676700004067 -0.17597914576300000000
0.00539077169700973025 0.00369033646426120132 -0.01131704799368028758 0.56488342695200000065 -0.80618735676700004067 -0.17597914576300000000
0.00000000000000000000 0.00000000000000000000 0.00000000000000000000 0.00000000000000000000 0.00000000000000000000 0.00000000000000000000
0.00269497325405279597 0.00184488578419234744 -0.00566002399316690649 0.56488342695200000065 -0.80618735676700004067 -0.17597914576300000000
