name    torso
spatial_sampling    taxel
taxel2Repr ( 3 3 3 3 3 3 -2 3 3 3 -2 3 15 15 15 15 15 15 -2 15 15 15 -2 15 27 27 27 27 27 27 -2 27 27 27 -2 27 39 39 39 39 39 39 -2 39 39 39 -2 39 51 51 51 51 51 51 -2 51 51 51 -2 51 63 63 63 63 63 63 -2 63 63 63 -2 63 -1 -1 -1 -1 -1 -1 -1 -1 -1 -1 -1 -1 -1 -1 -1 -1 -1 -1 -1 -1 -1 -1 -1 -1 99 99 99 99 99 99 -2 99 99 99 -2 99 111 111 111 111 111 111 -2 111 111 111 -2 111 123 123 123 123 123 123 -2 123 123 123 -2 123 135 135 135 135 135 135 -2 135 135 135 -2 135 147 147 147 147 147 147 -2 147 147 147 -2 147 159 159 159 159 159 159 -2 159 159 159 -2 159 171 171 171 171 171 171 -2 171 171 171 -2 171 183 183 183 183 183 183 -2 183 183 183 -2 183 195 195 195 195 195 195 -2 195 195 195 -2 195 207 207 207 207 207 207 -2 207 207 207 -2 207 219 219 219 219 219 219 -2 219 219 219 -2 219 -1 -1 -1 -1 -1 -1 -1 -1 -1 -1 -1 -1 -1 -1 -1 -1 -1 -1 -1 -1 -1 -1 -1 -1 -1 -1 -1 -1 -1 -1 -1 -1 -1 -1 -1 -1 -1 -1 -1 -1 -1 -1 -1 -1 -1 -1 -1 -1 -1 -1 -1 -1 -1 -1 -1 -1 -1 -1 -1 -1 291 291 291 291 291 291 -2 291 291 291 -2 291 303 303 303 303 303 303 -2 303 303 303 -2 303 315 315 315 315 315 315 -2 315 315 315 -2 315 327 327 327 327 327 327 -2 327 327 327 -2 327 339 339 339 339 339 339 -2 339 339 339 -2 339 351 351 351 351 351 351 -2 351 351 351 -2 351 363 363 363 363 363 363 -2 363 363 363 -2 363 375 375 375 375 375 375 -2 375 375 375 -2 375 )
[calibration]
0.06067487476932092 0.013438639334703182 -0.006826543575061084 0.985575840469 0.0982546327224 -0.137790746541
0.06178085568565943 0.006997700367974238 -0.0068258805760085025 0.985575840469 0.0982546327224 -0.137790746541
0.061228056395238505 0.010217056541171058 -0.0011681206151574195 0.985575840469 0.0982546327224 -0.137790746541
0.0601220754789 0.0166579955079 -0.0011687836142100002 0.985575840469 0.0982546327224 -0.137790746541
0.060675172488364126 0.013436905498107842 0.004490505373546236 0.985575840469 0.0982546327224 -0.137790746541
0.0601223731979432 0.016656261671304663 0.01014826533439732 0.985575840469 0.0982546327224 -0.137790746541
0.0 0.0 0.0 0.0 0.0 0.0
0.05956927618847908 0.01987735168109682 0.0044889763466410834 0.985575840469 0.0982546327224 -0.137790746541
0.059016094562561495 0.023098934474628945 -0.0011694466132625807 0.985575840469 0.0982546327224 -0.137790746541
0.058463437238060044 0.026317463876035098 -0.006827235613743161 0.985575840469 0.0982546327224 -0.137790746541
0.0 0.0 0.0 0.0 0.0 0.0
0.059568978469435874 0.019879085517692158 -0.006828072601966236 0.985575840469 0.0982546327224 -0.137790746541
0.05763080065264732 0.03624944384638203 0.002793480421880825 0.957704900262 0.255252911917 -0.132843046384
0.05857122946806587 0.033119482338386505 -0.002865832575435794 0.957704900262 0.255252911917 -0.132843046384
0.05951117599001855 0.029991126013004472 0.002791903388473381 0.957704900262 0.255252911917 -0.132843046384
0.0585707471746 0.033121087521 0.00845121638579 0.957704900262 0.255252911917 -0.132843046384
0.06045126638867748 0.02686229083314128 0.008450505376561937 0.957704900262 0.255252911917 -0.132843046384
0.06139121291063016 0.023733934507759243 0.014108241340471112 0.957704900262 0.255252911917 -0.132843046384
0.0 0.0 0.0 0.0 0.0 0.0
0.05951069369655268 0.029992731195617964 0.014108952349699173 0.957704900262 0.255252911917 -0.132843046384
0.05763031835918145 0.03625104902899553 0.014110529383106618 0.957704900262 0.255252911917 -0.132843046384
0.05575054674617186 0.04250735753005323 0.014109740385972522 0.957704900262 0.255252911917 -0.132843046384
0.0 0.0 0.0 0.0 0.0 0.0
0.05669022796052252 0.03937988420885872 0.008451927395018061 0.957704900262 0.255252911917 -0.132843046384
0.05233420878546972 0.04552239042852862 -0.006826543575061084 0.822172925539 0.544170522427 -0.167063230643
0.05605429385613391 0.04014932281054225 -0.0068258805760085025 0.822172925539 0.544170522427 -0.167063230643
0.05419489433396419 0.042834927889913645 -0.0011681206151574195 0.822172925539 0.544170522427 -0.167063230643
0.0504748092633 0.0482079955079 -0.0011687836142100002 0.822172925539 0.544170522427 -0.167063230643
0.05233521019530555 0.045520944052260585 0.004490505373546236 0.822172925539 0.544170522427 -0.167063230643
0.050475810673135835 0.04820654913163197 0.01014826533439732 0.822172925539 0.544170522427 -0.167063230643
0.0 0.0 0.0 0.0 0.0 0.0
0.04861540974113029 0.05089360058727139 0.0044889763466410834 0.822172925539 0.544170522427 -0.167063230643
0.046754724192635815 0.05358106312588636 -0.0011694466132625807 0.822172925539 0.544170522427 -0.167063230643
0.044895802188016136 0.05626597850756634 -0.006827235613743161 0.822172925539 0.544170522427 -0.167063230643
0.0 0.0 0.0 0.0 0.0 0.0
0.048614408331294455 0.050895046963539414 -0.006828072601966236 0.822172925539 0.544170522427 -0.167063230643
0.03815355096794472 0.06236584218077684 0.002793480421880825 0.564747232633 0.806281542857 -0.175984763206
0.040850670248986795 0.06052014096383129 -0.002865832575435794 0.564747232633 0.806281542857 -0.175984763206
0.043546406328042075 0.05867538630405445 0.002791903388473381 0.564747232633 0.806281542857 -0.175984763206
0.040849287047 0.060521087521 0.00845121638579 0.564747232633 0.806281542857 -0.175984763206
0.04624255504081525 0.05683034926946362 0.008450505376561937 0.564747232633 0.806281542857 -0.175984763206
0.04893829111987053 0.05498559460968677 0.014108241340471112 0.564747232633 0.806281542857 -0.175984763206
0.0 0.0 0.0 0.0 0.0 0.0
0.04354502312605528 0.05867633286122315 0.014108952349699173 0.564747232633 0.806281542857 -0.175984763206
0.03815216776595792 0.06236678873794555 0.014110529383106618 0.564747232633 0.806281542857 -0.175984763206
0.032761043867710206 0.06605605973520584 0.014109740385972522 0.564747232633 0.806281542857 -0.175984763206
0.0 0.0 0.0 0.0 0.0 0.0
0.03545601905318475 0.06421182577253637 0.008451927395018061 0.564747232633 0.806281542857 -0.175984763206
0.03930998447894104 0.06568736587370402 0.0278212163858 0.626861907501 0.770582699504 -0.115093232423
0.03676456552772159 0.0677353237255098 0.0221612163858 0.626861907501 0.770582699504 -0.115093232423
0.041854624299780555 0.06364003488380576 0.0221612163858 0.626861907501 0.770582699504 -0.115093232423
0.044400043251 0.061592077032 0.0278212163858 0.626861907501 0.770582699504 -0.115093232423
0.04694546220221944 0.05954411918019423 0.0221612163858 0.626861907501 0.770582699504 -0.115093232423
0.05203552097427841 0.0554488303384902 0.0221612163858 0.626861907501 0.770582699504 -0.115093232423
0.0 0.0 0.0 0.0 0.0 0.0
0.049490102023058966 0.05749678819029597 0.0278212163858 0.626861907501 0.770582699504 -0.115093232423
0.04694546220221944 0.05954411918019423 0.0334812163858 0.626861907501 0.770582699504 -0.115093232423
0.044400043251 0.061592077032 0.0391382163858 0.626861907501 0.770582699504 -0.115093232423
0.0 0.0 0.0 0.0 0.0 0.0
0.041854624299780555 0.06364003488380576 0.0334812163858 0.626861907501 0.770582699504 -0.115093232423
0.0645 0.0032665138546604596 0.07221895234970917 0.969243886069 0.233708010241 -0.0771158561353
0.0645 0.009801717638358859 0.07221824134048112 0.969243886069 0.233708010241 -0.0771158561353
0.0645 0.006535203783698399 0.06656050537657193 0.969243886069 0.233708010241 -0.0771158561353
0.0645 0.0 0.0665612163858 0.969243886069 0.233708010241 -0.0771158561353
0.0645 0.0032681899269172213 0.06090190338848338 0.969243886069 0.233708010241 -0.0771158561353
0.0645 1.676072256761053e-06 0.0552441674245742 0.969243886069 0.233708010241 -0.0771158561353
0.0 0.0 0.0 0.0 0.0 0.0
0.0645 -0.0032665138546604596 0.06090348042189082 0.969243886069 0.233708010241 -0.0771158561353
0.0645 -0.006535203783698399 0.06656192739502804 0.969243886069 0.233708010241 -0.0771158561353
0.0645 -0.009800795638077472 0.07221974038598251 0.969243886069 0.233708010241 -0.0771158561353
0.0 0.0 0.0 0.0 0.0 0.0
0.0645 -0.0032681899269172213 0.07222052938311661 0.969243886069 0.233708010241 -0.0771158561353
0.0 0.0 0.0 0.0 0.0 0.0
0.0 0.0 0.0 0.0 0.0 0.0
0.0 0.0 0.0 0.0 0.0 0.0
0.0 0.0 0.0 0.0 0.0 0.0
0.0 0.0 0.0 0.0 0.0 0.0
0.0 0.0 0.0 0.0 0.0 0.0
0.0 0.0 0.0 0.0 0.0 0.0
0.0 0.0 0.0 0.0 0.0 0.0
0.0 0.0 0.0 0.0 0.0 0.0
0.0 0.0 0.0 0.0 0.0 0.0
0.0 0.0 0.0 0.0 0.0 0.0
0.0 0.0 0.0 0.0 0.0 0.0
0.0 0.0 0.0 0.0 0.0 0.0
0.0 0.0 0.0 0.0 0.0 0.0
0.0 0.0 0.0 0.0 0.0 0.0
0.0 0.0 0.0 0.0 0.0 0.0
0.0 0.0 0.0 0.0 0.0 0.0
0.0 0.0 0.0 0.0 0.0 0.0
0.0 0.0 0.0 0.0 0.0 0.0
0.0 0.0 0.0 0.0 0.0 0.0
0.0 0.0 0.0 0.0 0.0 0.0
0.0 0.0 0.0 0.0 0.0 0.0
0.0 0.0 0.0 0.0 0.0 0.0
0.0 0.0 0.0 0.0 0.0 0.0
0.0525961695244859 0.05477834187877745 0.0568712163858 0.882193799524 0.469717956026 -0.0331533085661
0.05107000568760715 0.05766695970448641 0.0512112163858 0.882193799524 0.469717956026 -0.0331533085661
0.05412186621602125 0.051890608233608956 0.0512112163858 0.882193799524 0.469717956026 -0.0331533085661
0.0556480300529 0.0490019904079 0.0568712163858 0.882193799524 0.469717956026 -0.0331533085661
0.05717419388977875 0.046113372582191045 0.0512112163858 0.882193799524 0.469717956026 -0.0331533085661
0.06022605441819284 0.0403370211113136 0.0512112163858 0.882193799524 0.469717956026 -0.0331533085661
0.0 0.0 0.0 0.0 0.0 0.0
0.0586998905813141 0.04322563893702256 0.0568712163858 0.882193799524 0.469717956026 -0.0331533085661
0.05717419388977875 0.046113372582191045 0.06253121638579999 0.882193799524 0.469717956026 -0.0331533085661
0.0556480300529 0.0490019904079 0.06818821638579999 0.882193799524 0.469717956026 -0.0331533085661
0.0 0.0 0.0 0.0 0.0 0.0
0.05412186621602125 0.051890608233608956 0.06253121638579999 0.882193799524 0.469717956026 -0.0331533085661
0.06065492174323749 0.03619767541118783 0.07221895234970917 0.884180540468 0.467145343397 0.0
0.05918276659909745 0.04256490775546803 0.07221824134048112 0.884180540468 0.467145343397 0.0
0.059918599074059956 0.0393823516551802 0.06656050537657193 0.884180540468 0.467145343397 0.0
0.0613907542182 0.033015119310899996 0.0665612163858 0.884180540468 0.467145343397 0.0
0.060654544182188685 0.036199308404104014 0.06090190338848338 0.884180540468 0.467145343397 0.0
0.06139037665715119 0.033016752303816184 0.0552441674245742 0.884180540468 0.467145343397 0.0
0.0 0.0 0.0 0.0 0.0 0.0
0.06212658669316251 0.02983256321061217 0.06090348042189082 0.884180540468 0.467145343397 0.0
0.06286290936234004 0.0266478869666198 0.06656192739502804 0.884180540468 0.467145343397 0.0
0.06359853414256157 0.02346622916884975 0.07221974038598251 0.884180540468 0.467145343397 0.0
0.0 0.0 0.0 0.0 0.0 0.0
0.06212696425421132 0.02983093021769598 0.07222052938311661 0.884180540468 0.467145343397 0.0
0.0641268729598791 0.013427311652716436 0.06252897634665108 0.974297444276 0.225265377004 0.0
0.06384940172219307 0.01668374326804601 0.06818826533440732 0.974297444276 0.225265377004 0.0
0.06357207984071397 0.019938422023229575 0.06253050537355623 0.974297444276 0.225265377004 0.0
0.0638495510784 0.0166819904079 0.0568712163858 0.974297444276 0.225265377004 0.0
0.06329471550984232 0.023193598968946613 0.056871879384852574 0.974297444276 0.225265377004 0.0
0.06301739362836323 0.02644827772413018 0.051214119424001496 0.974297444276 0.225265377004 0.0
0.0 0.0 0.0 0.0 0.0 0.0
0.0635722291969209 0.019936669163083565 0.051213456424948914 0.974297444276 0.225265377004 0.0
0.06412702231608602 0.013425558792570425 0.05121192739804376 0.974297444276 0.225265377004 0.0
0.06468163730863498 0.006916538934750766 0.05121276438626683 0.974297444276 0.225265377004 0.0
0.0 0.0 0.0 0.0 0.0 0.0
0.06440438664695768 0.010170381846853385 0.056870553386747416 0.974297444276 0.225265377004 0.0
0.06436076454903979 0.01017452693437633 0.037511264379785664 0.996389519216 0.0848995052822 0.0
0.06464933932855596 0.006920338570092442 0.04317128838029897 0.996389519216 0.0848995052822 0.0
0.06407227075511616 0.013427802043616113 0.04317124038631329 0.996389519216 0.0848995052822 0.0
0.06378369597559999 0.0166819904079 0.037511216385799996 0.996389519216 0.0848995052822 0.0
0.06349511385034723 0.01993626160828834 0.04317119238498123 0.996389519216 0.0848995052822 0.0
0.06291804527690743 0.026443725081812013 0.043171144390995564 0.996389519216 0.0848995052822 0.0
0.0 0.0 0.0 0.0 0.0 0.0
0.06320662740216021 0.023189453881423665 0.03751116839181433 0.996389519216 0.0848995052822 0.0
0.06349512119608382 0.01993617877218388 0.0318511923852867 0.996389519216 0.0848995052822 0.0
0.06378370331938985 0.016681907593748574 0.026194216386105383 0.996389519216 0.0848995052822 0.0
0.0 0.0 0.0 0.0 0.0 0.0
0.06407227810085277 0.013427719207511657 0.03185124038661876 0.996389519216 0.0848995052822 0.0
0.05913394403831335 0.039544147339688786 0.0278212163858 1.0 0.0 0.0
0.058329928174323614 0.042710667115476206 0.0221612163858 1.0 0.0 0.0
0.05993771380011026 0.03637859680778743 0.0221612163858 1.0 0.0 0.0
0.0607417296641 0.033212077032000006 0.0278212163858 1.0 0.0 0.0
0.06154574552808974 0.030045557256212583 0.0221612163858 1.0 0.0 0.0
0.06315353115387638 0.0237134869485238 0.0221612163858 1.0 0.0 0.0
0.0 0.0 0.0 0.0 0.0 0.0
0.062349515289886644 0.026880006724311227 0.0278212163858 1.0 0.0 0.0
0.06154574552808974 0.030045557256212583 0.0334812163858 1.0 0.0 0.0
0.0607417296641 0.033212077032000006 0.0391382163858 1.0 0.0 0.0
0.0 0.0 0.0 0.0 0.0 0.0
0.05993771380011026 0.03637859680778743 0.0334812163858 1.0 0.0 0.0
0.054008021360912754 0.0518836886765407 0.031853480421890824 0.996091148584 0.0851816525586 -0.0233775486401
0.055546967891506205 0.04900051178734753 0.026194167424574203 0.996091148584 0.0851816525586 -0.0233775486401
0.057085125182293445 0.046118813518706836 0.03185190338848338 0.996091148584 0.0851816525586 -0.0233775486401
0.055546178651699994 0.0490019904079 0.037511216385799996 0.996091148584 0.0851816525586 -0.0233775486401
0.05862351791733152 0.043236674151295486 0.03751050537657193 0.996091148584 0.0851816525586 -0.0233775486401
0.06016167520811876 0.04035497588265479 0.04316824134048111 0.996091148584 0.0851816525586 -0.0233775486401
0.0 0.0 0.0 0.0 0.0 0.0
0.057084335942487234 0.046120292139259306 0.043168952349709175 0.996091148584 0.0851816525586 -0.0233775486401
0.054007232121106544 0.051885167297093165 0.043170529383116614 0.996091148584 0.0851816525586 -0.0233775486401
0.05093111625277084 0.05764819155021381 0.04316974038598252 0.996091148584 0.0851816525586 -0.0233775486401
0.0 0.0 0.0 0.0 0.0 0.0
0.052468839386068465 0.054767306664504516 0.03751192739502806 0.996091148584 0.0851816525586 -0.0233775486401
0.06421726559530112 -0.0032591947113110044 0.03347897634665108 0.997772037029 3.24710257303e-15 -0.0667155313506
0.0639992237940536 1.755292287599554e-06 0.03913826533440732 0.997772037029 3.24710257303e-15 -0.0667155313506
0.06378129935955247 0.0032609500035986182 0.033480505373556235 0.997772037029 3.24710257303e-15 -0.0667155313506
0.0639993411608 1.42108547152e-17 0.0278212163858 0.997772037029 3.24710257303e-15 -0.0667155313506
0.06356334156756864 0.006520643596696153 0.027821879384852578 0.997772037029 3.24710257303e-15 -0.0667155313506
0.06334541713306752 0.00977983830800717 0.022164119424001497 0.997772037029 3.24710257303e-15 -0.0667155313506
0.0 0.0 0.0 0.0 0.0 0.0
0.06378141672629888 0.0032591947113110326 0.022163456424948914 0.997772037029 3.24710257303e-15 -0.0667155313506
0.06421738296204753 -0.0032609500035985896 0.022161927398043766 0.997772037029 3.24710257303e-15 -0.0667155313506
0.06465320922275385 -0.009779001305170974 0.02216276438626684 0.997772037029 3.24710257303e-15 -0.0667155313506
0.0 0.0 0.0 0.0 0.0 0.0
0.06443534075403136 -0.006520643596696124 0.02782055338674742 0.997772037029 3.24710257303e-15 -0.0667155313506
0.06290264411154065 -0.006486036739700848 0.008451264379775671 0.992811379133 4.57782939777e-15 -0.119689454273
0.06329366458188063 -0.009729510233563337 0.014111288380288968 0.992811379133 4.57782939777e-15 -0.119689454273
0.06251173337713999 -0.0032434734938624706 0.014111240386303297 0.992811379133 4.57782939777e-15 -0.119689454273
0.062120712906800005 1.7763568394e-17 0.00845121638579 0.992811379133 4.57782939777e-15 -0.119689454273
0.061729682482945074 0.0032435560572175 0.014111192384971234 0.992811379133 4.57782939777e-15 -0.119689454273
0.060947751278204426 0.009729592796918367 0.014111144390985564 0.992811379133 4.57782939777e-15 -0.119689454273
0.0 0.0 0.0 0.0 0.0 0.0
0.06133878170205936 0.006486036739700883 0.008451168391804329 0.992811379133 4.57782939777e-15 -0.119689454273
0.061729692436460024 0.003243473493862506 0.002791192385276701 0.992811379133 4.57782939777e-15 -0.119689454273
0.06212072285767709 -8.25414742280876e-08 -0.002865783613904615 0.992811379133 4.57782939777e-15 -0.119689454273
0.0 0.0 0.0 0.0 0.0 0.0
0.06251174333065493 -0.0032435560572174646 0.002791240386608765 0.992811379133 4.57782939777e-15 -0.119689454273
0.048618333103638126 -0.050889819772447914 -0.006826543575061084 0.822234153971 -0.544079925826 -0.167056967399
0.04489882603800489 -0.056263287530715064 -0.0068258805760085025 0.822234153971 -0.544079925826 -0.167056967399
0.046757936657566744 -0.053577482450367156 -0.0011681206151574195 0.822234153971 -0.544079925826 -0.167056967399
0.0504774437232 -0.048204014692100006 -0.0011687836142100002 0.822234153971 -0.544079925826 -0.167056967399
0.0486173318493955 -0.050891266256429715 0.004490505373546236 0.822234153971 -0.544079925826 -0.167056967399
0.050476442468957355 -0.04820546117608181 0.01014826533439732 0.822234153971 -0.544079925826 -0.167056967399
0.0 0.0 0.0 0.0 0.0 0.0
0.05233655434276187 -0.04551820961175209 0.0044889763466410834 0.822234153971 -0.544079925826 -0.167056967399
0.05419695078883325 -0.04283054693383285 -0.0011694466132625807 0.822234153971 -0.544079925826 -0.167056967399
0.05605558396503896 -0.04014543160253916 -0.006827235613743161 0.822234153971 -0.544079925826 -0.167056967399
0.0 0.0 0.0 0.0 0.0 0.0
0.052337555597004495 -0.04551676312777029 -0.006828072601966236 0.822234153971 -0.544079925826 -0.167056967399
0.05951159863833955 -0.029988703532503207 0.002793480421880825 0.957719241917 -0.255201211785 -0.132838982098
0.05857132583524414 -0.03311871191175115 -0.002865832575435794 0.957719241917 -0.255201211785 -0.132838982098
0.05763153524560459 -0.03624711508434794 0.002791903388473381 0.957719241917 -0.255201211785 -0.132838982098
0.0585718080487 -0.0331171067051 0.00845121638579 0.957719241917 -0.255201211785 -0.132838982098
0.05669160080312719 -0.039375997118596746 0.008450505376561937 0.957719241917 -0.255201211785 -0.132838982098
0.05575181021348764 -0.04250440029119353 0.014108241340471112 0.957719241917 -0.255201211785 -0.132838982098
0.0 0.0 0.0 0.0 0.0 0.0
0.05763201745906045 -0.03624550987769679 0.014108952349699173 0.957719241917 -0.255201211785 -0.132838982098
0.05951208085179541 -0.029987098325852064 0.014110529383106618 0.957719241917 -0.255201211785 -0.132838982098
0.06139154062032351 -0.023730696136417002 0.014109740385972522 0.957719241917 -0.255201211785 -0.132838982098
0.0 0.0 0.0 0.0 0.0 0.0
0.060452015294272805 -0.02685821629160326 0.008451927395018061 0.957719241917 -0.255201211785 -0.132838982098
0.05956973384943385 -0.01987338131589474 -0.006826543575061084 0.985579039822 -0.0982242573842 -0.137789518919
0.05846387470510126 -0.026314341191047533 -0.0068258805760085025 0.985579039822 -0.0982242573842 -0.137789518919
0.05901661313056741 -0.02309497456725279 -0.0011681206151574195 0.985579039822 -0.0982242573842 -0.137789518919
0.060122472274899995 -0.016654014692099997 -0.0011687836142100002 0.985579039822 -0.0982242573842 -0.137789518919
0.05956943616317047 -0.01987511515811842 0.004490505373546236 0.985579039822 -0.0982242573842 -0.137789518919
0.060122174588636605 -0.016655748534323677 0.01014826533439732 0.985579039822 -0.0982242573842 -0.137789518919
0.0 0.0 0.0 0.0 0.0 0.0
0.06067521070036614 -0.013434648068305258 0.0044889763466410834 0.985579039822 -0.0982242573842 -0.137789518919
0.06122833141923259 -0.010213054816947209 -0.0011694466132625807 0.985579039822 -0.0982242573842 -0.137789518919
0.06178092789441016 -0.00699451496762698 -0.006827235613743161 0.985579039822 -0.0982242573842 -0.137789518919
0.0 0.0 0.0 0.0 0.0 0.0
0.06067550838662953 -0.013432914226081578 -0.006828072601966236 0.985579039822 -0.0982242573842 -0.137789518919
0.0 0.0 0.0 0.0 0.0 0.0
0.0 0.0 0.0 0.0 0.0 0.0
0.0 0.0 0.0 0.0 0.0 0.0
0.0 0.0 0.0 0.0 0.0 0.0
0.0 0.0 0.0 0.0 0.0 0.0
0.0 0.0 0.0 0.0 0.0 0.0
0.0 0.0 0.0 0.0 0.0 0.0
0.0 0.0 0.0 0.0 0.0 0.0
0.0 0.0 0.0 0.0 0.0 0.0
0.0 0.0 0.0 0.0 0.0 0.0
0.0 0.0 0.0 0.0 0.0 0.0
0.0 0.0 0.0 0.0 0.0 0.0
0.0 0.0 0.0 0.0 0.0 0.0
0.0 0.0 0.0 0.0 0.0 0.0
0.0 0.0 0.0 0.0 0.0 0.0
0.0 0.0 0.0 0.0 0.0 0.0
0.0 0.0 0.0 0.0 0.0 0.0
0.0 0.0 0.0 0.0 0.0 0.0
0.0 0.0 0.0 0.0 0.0 0.0
0.0 0.0 0.0 0.0 0.0 0.0
0.0 0.0 0.0 0.0 0.0 0.0
0.0 0.0 0.0 0.0 0.0 0.0
0.0 0.0 0.0 0.0 0.0 0.0
0.0 0.0 0.0 0.0 0.0 0.0
0.0 0.0 0.0 0.0 0.0 0.0
0.0 0.0 0.0 0.0 0.0 0.0
0.0 0.0 0.0 0.0 0.0 0.0
0.0 0.0 0.0 0.0 0.0 0.0
0.0 0.0 0.0 0.0 0.0 0.0
0.0 0.0 0.0 0.0 0.0 0.0
0.0 0.0 0.0 0.0 0.0 0.0
0.0 0.0 0.0 0.0 0.0 0.0
0.0 0.0 0.0 0.0 0.0 0.0
0.0 0.0 0.0 0.0 0.0 0.0
0.0 0.0 0.0 0.0 0.0 0.0
0.0 0.0 0.0 0.0 0.0 0.0
0.0 0.0 0.0 0.0 0.0 0.0
0.0 0.0 0.0 0.0 0.0 0.0
0.0 0.0 0.0 0.0 0.0 0.0
0.0 0.0 0.0 0.0 0.0 0.0
0.0 0.0 0.0 0.0 0.0 0.0
0.0 0.0 0.0 0.0 0.0 0.0
0.0 0.0 0.0 0.0 0.0 0.0
0.0 0.0 0.0 0.0 0.0 0.0
0.0 0.0 0.0 0.0 0.0 0.0
0.0 0.0 0.0 0.0 0.0 0.0
0.0 0.0 0.0 0.0 0.0 0.0
0.0 0.0 0.0 0.0 0.0 0.0
0.0 0.0 0.0 0.0 0.0 0.0
0.0 0.0 0.0 0.0 0.0 0.0
0.0 0.0 0.0 0.0 0.0 0.0
0.0 0.0 0.0 0.0 0.0 0.0
0.0 0.0 0.0 0.0 0.0 0.0
0.0 0.0 0.0 0.0 0.0 0.0
0.0 0.0 0.0 0.0 0.0 0.0
0.0 0.0 0.0 0.0 0.0 0.0
0.0 0.0 0.0 0.0 0.0 0.0
0.0 0.0 0.0 0.0 0.0 0.0
0.0 0.0 0.0 0.0 0.0 0.0
0.0 0.0 0.0 0.0 0.0 0.0
0.06440437038058115 -0.010168582524217882 0.0568712163858 0.96925534949 -0.233661469762 -0.0771128072005
0.064681652897493 -0.006913370794419799 0.0512112163858 0.96925534949 -0.233661469762 -0.0771128072005
0.06412717273741185 -0.013422797862301918 0.0512112163858 0.96925534949 -0.233661469762 -0.0771128072005
0.0638498902205 -0.0166780095921 0.0568712163858 0.96925534949 -0.233661469762 -0.0771128072005
0.06357260770358815 -0.019933221321898082 0.0512112163858 0.96925534949 -0.233661469762 -0.0771128072005
0.06301812754350698 -0.026442648389780204 0.0512112163858 0.96925534949 -0.233661469762 -0.0771128072005
0.0 0.0 0.0 0.0 0.0 0.0
0.06329541006041883 -0.02318743665998212 0.0568712163858 0.96925534949 -0.233661469762 -0.0771128072005
0.06357260770358815 -0.019933221321898082 0.06253121638579999 0.96925534949 -0.233661469762 -0.0771128072005
0.0638498902205 -0.0166780095921 0.06818821638579999 0.96925534949 -0.233661469762 -0.0771128072005
0.0 0.0 0.0 0.0 0.0 0.0
0.06412717273741185 -0.013422797862301918 0.06253121638579999 0.96925534949 -0.233661469762 -0.0771128072005
0.062127359981422374 -0.029828548408089108 0.07221895234970917 0.996093375987 -0.0851557327166 -0.0233770720999
0.06359922100494667 -0.023461248067921707 0.07221824134048112 0.996093375987 -0.0851557327166 -0.0233770720999
0.0628635355413243 -0.026643838154832598 0.06656050537657193 0.996093375987 -0.0851557327166 -0.0233770720999
0.0613916745178 -0.033011138494999995 0.0665612163858 0.996093375987 -0.0851557327166 -0.0233770720999
0.06212773746703858 -0.029826915397734136 0.06090190338848338 0.996093375987 -0.0851557327166 -0.0233770720999
0.061392052003416214 -0.03300950548464503 0.0552441674245742 0.996093375987 -0.0851557327166 -0.0233770720999
0.0 0.0 0.0 0.0 0.0 0.0
0.06065598905417762 -0.03619372858191089 0.06090348042189082 0.996093375987 -0.0851557327166 -0.0233770720999
0.0599198134942757 -0.039378438835167395 0.06656192739502804 0.996093375987 -0.0851557327166 -0.0233770720999
0.05918433568389916 -0.04256013060996751 0.07221974038598251 0.996093375987 -0.0851557327166 -0.0233770720999
0.0 0.0 0.0 0.0 0.0 0.0
0.06065561156856142 -0.036195361592265864 0.07222052938311661 0.996093375987 -0.0851557327166 -0.0233770720999
0.05412447010869639 -0.05188629521545513 0.06252897634665108 0.996391714049 -0.0848737425557 0.0
0.05565095471167077 -0.04899645405893059 0.06818826533440732 0.996391714049 -0.0848737425557 0.0
0.057176617644074376 -0.04610816843557545 0.06253050537355623 0.996391714049 -0.0848737425557 0.0
0.055650133041099996 -0.048998009592099996 0.0568712163858 0.996391714049 -0.0848737425557 0.0
0.058702514108229464 -0.04321944070512964 0.056871879384852574 0.996391714049 -0.0848737425557 0.0
0.060228177040633074 -0.040331155081774504 0.051214119424001496 0.996391714049 -0.0848737425557 0.0
0.0 0.0 0.0 0.0 0.0 0.0
0.057175795973503606 -0.04610972396874486 0.051213456424948914 0.996391714049 -0.0848737425557 0.0
0.05412364843812562 -0.051887850748624544 0.05121192739804376 0.996391714049 -0.0848737425557 0.0
0.05107248085129742 -0.05766412235378125 0.05121276438626683 0.996391714049 -0.0848737425557 0.0
0.0 0.0 0.0 0.0 0.0 0.0
0.052597751973970534 -0.05477657847907035 0.056870553386747416 0.996391714049 -0.0848737425557 0.0
0.05247250845372921 -0.05476165494670249 0.037511264379785664 0.974307848831 -0.225220371428 0.0
0.050934397861854996 -0.05764388205794438 0.04317128838029897 0.974307848831 -0.225220371428 0.0
0.05401018739042579 -0.051880236703341895 0.04317124038631329 0.974307848831 -0.225220371428 0.0
0.0555482979823 -0.048998009592099996 0.037511216385799996 0.974307848831 -0.225220371428 0.0
0.05708644772712892 -0.046115709113111886 0.04317119238498123 0.974307848831 -0.225220371428 0.0
0.06016223725569971 -0.040352063758509395 0.043171144390995564 0.974307848831 -0.225220371428 0.0
0.0 0.0 0.0 0.0 0.0 0.0
0.058624087510870795 -0.04323436423749751 0.03751116839181433 0.974307848831 -0.225220371428 0.0
0.057086408574174206 -0.046115782480858104 0.0318511923852867 0.974307848831 -0.225220371428 0.0
0.05554825883972151 -0.04899808294040246 0.026194216386105383 0.974307848831 -0.225220371428 0.0
0.0 0.0 0.0 0.0 0.0 0.0
0.05401014823747108 -0.051880310071088113 0.03185124038661876 0.974307848831 -0.225220371428 0.0
0.06235018008294079 -0.02687595101788183 0.0278212163858 0.884221682103 -0.467067465041 0.0
0.06315404843628175 -0.023709393791098002 0.0221612163858 0.884221682103 -0.467067465041 0.0
0.061546557786640956 -0.030041538989316174 0.0221612163858 0.884221682103 -0.467067465041 0.0
0.0607426894333 -0.033208096216100005 0.0278212163858 0.884221682103 -0.467067465041 0.0
0.05993882107995904 -0.036374653442883834 0.0221612163858 0.884221682103 -0.467067465041 0.0
0.058331330430318254 -0.042706798641101995 0.0221612163858 0.884221682103 -0.467067465041 0.0
0.0 0.0 0.0 0.0 0.0 0.0
0.059135198783659214 -0.039540241414318174 0.0278212163858 0.884221682103 -0.467067465041 0.0
0.05993882107995904 -0.036374653442883834 0.0334812163858 0.884221682103 -0.467067465041 0.0
0.0607426894333 -0.033208096216100005 0.0391382163858 0.884221682103 -0.467067465041 0.0
0.0 0.0 0.0 0.0 0.0 0.0
0.061546557786640956 -0.030041538989316174 0.0334812163858 0.884221682103 -0.467067465041 0.0
0.0640724897973392 -0.013424256778902955 0.031853480421890824 0.882235627546 -0.469639567555 -0.0331507779007
0.06378388833891521 -0.016679679116572636 0.026194167424574203 0.882235627546 -0.469639567555 -0.0331507779007
0.063495434888076 -0.019933431929769683 0.03185190338848338 0.882235627546 -0.469639567555 -0.0331507779007
0.0637840363465 -0.0166780095921 0.037511216385799996 0.882235627546 -0.469639567555 -0.0331507779007
0.06320693728394569 -0.023187682791767156 0.03751050537657193 0.882235627546 -0.469639567555 -0.0331507779007
0.06291848383310648 -0.026441435604964203 0.04316824134048111 0.882235627546 -0.469639567555 -0.0331507779007
0.0 0.0 0.0 0.0 0.0 0.0
0.06349558289566079 -0.019931762405297048 0.043168952349709175 0.882235627546 -0.469639567555 -0.0331507779007
0.064072637804924 -0.013422587254430319 0.043170529383116614 0.882235627546 -0.469639567555 -0.0331507779007
0.06464950744154518 -0.006915501977608747 0.04316974038598252 0.882235627546 -0.469639567555 -0.0331507779007
0.0 0.0 0.0 0.0 0.0 0.0
0.06436113540905432 -0.010168336392432845 0.03751192739502806 0.882235627546 -0.469639567555 -0.0331507779007
0.04186023772402268 -0.0636361079270422 0.03347897634665108 0.626979667583 -0.770487750907 -0.115087454309
0.04440630647711253 -0.06158699322610415 0.03913826533440732 0.626979667583 -0.770487750907 -0.115087454309
0.04695100474158986 -0.059538981515161946 0.033480505373556235 0.626979667583 -0.770487750907 -0.115087454309
0.0444049359885 -0.0615880962161 0.0278212163858 0.626979667583 -0.770487750907 -0.115087454309
0.049496092520572695 -0.057490656317045245 0.027821879384852578 0.626979667583 -0.770487750907 -0.115087454309
0.052040790785050015 -0.055442644606103035 0.022164119424001497 0.626979667583 -0.770487750907 -0.115087454309
0.0 0.0 0.0 0.0 0.0 0.0
0.046949634252977324 -0.059540084505157784 0.022163456424948914 0.626979667583 -0.770487750907 -0.115087454309
0.041858867235410144 -0.06363721091703806 0.022161927398043766 0.626979667583 -0.770487750907 -0.115087454309
0.036769734702971325 -0.06773302187052743 0.02216276438626684 0.626979667583 -0.770487750907 -0.115087454309
0.0 0.0 0.0 0.0 0.0 0.0
0.039313779456427306 -0.06568553611515476 0.02782055338674742 0.626979667583 -0.770487750907 -0.115087454309
0.03546412908271473 -0.06420749013327783 0.008451264379775671 0.564883426952 -0.806187356767 -0.175979145763
0.03276833065794388 -0.06605294080089712 0.014111288380288968 0.564883426952 -0.806187356767 -0.175979145763
0.03815917095892915 -0.062362557372719285 0.014111240386303297 0.564883426952 -0.806187356767 -0.175979145763
0.0408549693837 -0.0605171067051 0.00845121638579 0.564883426952 -0.806187356767 -0.175979145763
0.04355083643063248 -0.058671609061114516 0.014111192384971234 0.564883426952 -0.806187356767 -0.175979145763
0.048941676731617756 -0.054981225632936684 0.014111144390985564 0.564883426952 -0.806187356767 -0.175979145763
0.0 0.0 0.0 0.0 0.0 0.0
0.04624580968468528 -0.05682672327692217 0.008451168391804329 0.564883426952 -0.806187356767 -0.175979145763
0.04355076780847085 -0.05867165603748071 0.002791192385276701 0.564883426952 -0.806187356767 -0.175979145763
0.04085490077972446 -0.060517153669016624 -0.002865783613904615 0.564883426952 -0.806187356767 -0.175979145763
0.0 0.0 0.0 0.0 0.0 0.0
0.038159102336767524 -0.06236260434908548 0.002791240386608765 0.564883426952 -0.806187356767 -0.175979145763
