name    torso
spatial_sampling    taxel
taxel2Repr ( 3 3 3 3 3 3 -2 3 3 3 -2 3 15 15 15 15 15 15 -2 15 15 15 -2 15 27 27 27 27 27 27 -2 27 27 27 -2 27 39 39 39 39 39 39 -2 39 39 39 -2 39 51 51 51 51 51 51 -2 51 51 51 -2 51 63 63 63 63 63 63 -2 63 63 63 -2 63 -1 -1 -1 -1 -1 -1 -1 -1 -1 -1 -1 -1 -1 -1 -1 -1 -1 -1 -1 -1 -1 -1 -1 -1 99 99 99 99 99 99 -2 99 99 99 -2 99 111 111 111 111 111 111 -2 111 111 111 -2 111 123 123 123 123 123 123 -2 123 123 123 -2 123 135 135 135 135 135 135 -2 135 135 135 -2 135 147 147 147 147 147 147 -2 147 147 147 -2 147 159 159 159 159 159 159 -2 159 159 159 -2 159 171 171 171 171 171 171 -2 171 171 171 -2 171 183 183 183 183 183 183 -2 183 183 183 -2 183 195 195 195 195 195 195 -2 195 195 195 -2 195 207 207 207 207 207 207 -2 207 207 207 -2 207 219 219 219 219 219 219 -2 219 219 219 -2 219 -1 -1 -1 -1 -1 -1 -1 -1 -1 -1 -1 -1 -1 -1 -1 -1 -1 -1 -1 -1 -1 -1 -1 -1 -1 -1 -1 -1 -1 -1 -1 -1 -1 -1 -1 -1 -1 -1 -1 -1 -1 -1 -1 -1 -1 -1 -1 -1 -1 -1 -1 -1 -1 -1 -1 -1 -1 -1 -1 -1 291 291 291 291 291 291 -2 291 291 291 -2 291 303 303 303 303 303 303 -2 303 303 303 -2 303 315 315 315 315 315 315 -2 315 315 315 -2 315 327 327 327 327 327 327 -2 327 327 327 -2 327 339 339 339 339 339 339 -2 339 339 339 -2 339 351 351 351 351 351 351 -2 351 351 351 -2 351 363 363 363 363 363 363 -2 363 363 363 -2 363 375 375 375 375 375 375 -2 375 375 375 -2 375 )
[calibration]
0.06029557475676320527 0.01343761522356758803 -0.00621678939178184863 0.98557584046900004182 0.09825463272239999546 -0.13779074654099998654
0.06140144284232146310 0.00699665688012343460 -0.00621616061448504193 0.98557584046900004182 0.09825463272239999546 -0.13779074654099998654
0.06084869994800198856 0.01021599267609668571 -0.00055838354875113218 0.98557584046900004182 0.09825463272239999546 -0.13779074654099998654
0.05974283186244373767 0.01665695101954083740 -0.00055901232604793779 0.98557584046900004182 0.09825463272239999546 -0.13779074654099998654
0.06029587244586155637 0.01343582125269077686 0.00510025954745357921 0.98557584046900004182 0.09825463272239999546 -0.13779074654099998654
0.05974312955154208876 0.01665515704866402449 0.01075803661318749070 0.98557584046900004182 0.09825463272239999546 -0.13779074654099998654
0.00000000000000000000 0.00000000000000000000 0.00000000000000000000 0.00000000000000000000 0.00000000000000000000 0.00000000000000000000
0.05919008896812425619 0.01987628681551408330 0.00509876473968597348 0.98557584046900004182 0.09825463272239999546 -0.13779074654099998654
0.05863696377688547290 0.02309790936298498909 -0.00055964110334474318 0.98557584046900004182 0.09825463272239999546 -0.13779074654099998654
0.05808436283357427954 0.02631647850577754563 -0.00621741300317555333 0.98557584046900004182 0.09825463272239999546 -0.13779074654099998654
0.00000000000000000000 0.00000000000000000000 0.00000000000000000000 0.00000000000000000000 0.00000000000000000000 0.00000000000000000000
0.05918979127902591203 0.01987808078639089274 -0.00621828419954945349 0.98557584046900004182 0.09825463272239999546 -0.13779074654099998654
0.05725190023436712433 0.03624842194414878288 0.00340335580242250978 0.95770490026199994738 0.25525291191700000271 -0.13284304638399999088
0.05819227421961602198 0.03311847403122514244 -0.00225597382486127616 0.95770490026199994738 0.25525291191700000271 -0.13284304638399999088
0.05913216593994635728 0.02999007118029695107 0.00340174551744961817 0.95770490026199994738 0.25525291191700000271 -0.13284304638399999088
0.05819179195469745269 0.03312001909322058457 0.00906107514473340411 0.95770490026199994738 0.25525291191700000271 -0.13284304638399999088
0.06007220152859450713 0.02686118946776596891 0.00906033088139564062 0.95770490026199994738 0.25525291191700000271 -0.13284304638399999088
0.06101209324892484243 0.02373278661683777060 0.01471805022370653582 0.95770490026199994738 0.25525291191700000271 -0.13284304638399999088
0.00000000000000000000 0.00000000000000000000 0.00000000000000000000 0.00000000000000000000 0.00000000000000000000 0.00000000000000000000
0.05913168367502778799 0.02999161624229238973 0.01471879448704429758 0.95770490026199994738 0.25525291191700000271 -0.13284304638399999088
0.05725141796944854117 0.03624996700614422501 0.01472040477201718919 0.95770490026199994738 0.25525291191700000271 -0.13284304638399999088
0.05537175595303182180 0.04250630843967172223 0.01471964901577263278 0.95770490026199994738 0.25525291191700000271 -0.13284304638399999088
0.00000000000000000000 0.00000000000000000000 0.00000000000000000000 0.00000000000000000000 0.00000000000000000000 0.00000000000000000000
0.05631138238080039132 0.03937884871867520370 0.00906181940807116587 0.95770490026199994738 0.25525291191700000271 -0.13284304638399999088
0.05195547080858522321 0.04552151242152725763 -0.00621661892522612416 0.82217292553900001018 0.54417052242700003628 -0.16706323064299999359
0.05567546175474685777 0.04014837963348378419 -0.00621598447452143682 0.82217292553900001018 0.54417052242700003628 -0.16706323064299999359
0.05381610927877310269 0.04283398722438722800 -0.00055821024451082409 0.82217292553900001018 0.54417052242700003628 -0.16706323064299999359
0.05009611833261148200 0.04820712001243069450 -0.00055884469521551034 0.82217292553900001018 0.54417052242700003628 -0.16706323064299999359
0.05195647219351175183 0.04552000589865064922 0.00510043001553652821 0.82217292553900001018 0.54417052242700003628 -0.16706323064299999359
0.05009711971753801063 0.04820561348955407915 0.01075820424554714376 0.82217292553900001018 0.54417052242700003628 -0.16706323064299999359
0.00000000000000000000 0.00000000000000000000 0.00000000000000000000 0.00000000000000000000 0.00000000000000000000 0.00000000000000000000
0.04823676585663773386 0.05089272760333411749 0.00509892953479510348 0.82217292553900001018 0.54417052242700003628 -0.16706323064299999359
0.04637612738644985438 0.05358025280047416100 -0.00055947914592019659 0.82217292553900001018 0.54417052242700003628 -0.16706323064299999359
0.04451725241551612866 0.05626523080641802899 -0.00621725388074605406 0.82217292553900001018 0.54417052242700003628 -0.16706323064299999359
0.00000000000000000000 0.00000000000000000000 0.00000000000000000000 0.00000000000000000000 0.00000000000000000000 0.00000000000000000000
0.04823576447171121218 0.05089423412621073284 -0.00621811940596754802 0.82217292553900001018 0.54417052242700003628 -0.16706323064299999359
0.03777510805258980919 0.06236516147131087456 0.00340349456505487698 0.56474723263299997367 0.80628154285700004422 -0.17598476320600001110
0.04047219500051390390 0.06051944307599799872 -0.00225582823900403063 0.56474723263299997367 0.80628154285700004422 -0.17598476320600001110
0.04316789876346101978 0.05867461113301775805 0.00340189792303249080 0.56474723263299997367 0.80628154285700004422 -0.17598476320600001110
0.04047081181553693202 0.06052032952833063389 0.00906122072709139754 0.56474723263299997367 0.80628154285700004422 -0.17598476320600001110
0.04586401515517943978 0.05682949680339386550 0.00906049010774803015 0.56474723263299997367 0.80628154285700004422 -0.17598476320600001110
0.04855971891812654179 0.05498466486041361789 0.01471821626978455158 0.56474723263299997367 0.80628154285700004422 -0.17598476320600001110
0.00000000000000000000 0.00000000000000000000 0.00000000000000000000 0.00000000000000000000 0.00000000000000000000 0.00000000000000000000
0.04316651557848403403 0.05867549758535038629 0.01471894688912791897 0.56474723263299997367 0.80628154285700004422 -0.17598476320600001110
0.03777372486761283038 0.06236604792364350974 0.01472054353115030516 0.56474723263299997367 0.80628154285700004422 -0.17598476320600001110
0.03238266559783450210 0.06605541336471450198 0.01471977413633552764 0.56474723263299997367 0.80628154285700004422 -0.17598476320600001110
0.00000000000000000000 0.00000000000000000000 0.00000000000000000000 0.00000000000000000000 0.00000000000000000000 0.00000000000000000000
0.03507760847589440345 0.06421116225326739535 0.00906195134643476494 0.56474723263299997367 0.80628154285700004422 -0.17598476320600001110
0.03893159974990072214 0.06568653192972781496 0.02843124817619008260 0.62686190750100001523 0.77058269950400004600 -0.11509323242299999979
0.03638621667442433483 0.06773456444351766415 0.02277125905769011860 0.62686190750100001523 0.77058269950400004600 -0.11509323242299999979
0.04147620370555030883 0.06363918643623971139 0.02277123729818053555 0.62686190750100001523 0.77058269950400004600 -0.11509323242299999979
0.04402158678102668921 0.06159115392244986914 0.02843122641668050302 0.62686190750100001523 0.77058269950400004600 -0.11509323242299999979
0.04656696985607488432 0.05954318155340576624 0.02277121553534024873 0.62686190750100001523 0.77058269950400004600 -0.11509323242299999979
0.05165695688720085138 0.05544780354612782042 0.02277119377583066567 0.62686190750100001523 0.77058269950400004600 -0.11509323242299999979
0.00000000000000000000 0.00000000000000000000 0.00000000000000000000 0.00000000000000000000 0.00000000000000000000 0.00000000000000000000
0.04911157381215266321 0.05749577591517191638 0.02843120465717091996 0.62686190750100001523 0.77058269950400004600 -0.11509323242299999979
0.04656696985650306958 0.05954312140866001302 0.03409121553518046355 0.62686190750100001523 0.77058269950400004600 -0.11509323242299999979
0.04402158678145475651 0.06159109379364353931 0.03974822641652076688 0.62686190750100001523 0.77058269950400004600 -0.11509323242299999979
0.00000000000000000000 0.00000000000000000000 0.00000000000000000000 0.00000000000000000000 0.00000000000000000000 0.00000000000000000000
0.04147620370597849410 0.06363912629149395817 0.03409123729802075731 0.62686190750100001523 0.77058269950400004600 -0.11509323242299999979
0.06412052179732791179 0.00326500275793673847 0.07282865248544437287 0.96924388606900002685 0.23370801024099999155 -0.07711585613530000383
0.06412063627924380338 0.00980020654431785522 0.07282797619866950012 0.96924388606900002685 0.23370801024099999155 -0.07711585613530000383
0.06412057905713176853 0.00653372275054843552 0.06717022287939448943 0.96924388606900002685 0.23370801024099999155 -0.07711585613530000383
0.06412046457521589082 -0.00000148103583268203 0.06717089916616936218 0.96924388606900002685 0.23370801024099999155 -0.07711585613530000383
0.06412052182626082342 0.00326673895925968811 0.06151160353328353342 0.96924388606900002685 0.23370801024099999155 -0.07711585613530000383
0.06412046460414878857 0.00000025516549026670 0.05585385021400852273 0.96924388606900002685 0.23370801024099999155 -0.07711585613530000383
0.00000000000000000000 0.00000000000000000000 0.00000000000000000000 0.00000000000000000000 0.00000000000000000000 0.00000000000000000000
0.06412040735310386985 -0.00326796482960210180 0.06151314584689435844 0.96924388606900002685 0.23370801024099999155 -0.07711585613530000383
0.06412035009330001312 -0.00653668482221379885 0.06717157545294423493 0.96924388606900002685 0.23370801024099999155 -0.07711585613530000383
0.06412029288776735503 -0.00980230673679871080 0.07282937109327186631 0.96924388606900002685 0.23370801024099999155 -0.07711585613530000383
0.00000000000000000000 0.00000000000000000000 0.00000000000000000000 0.00000000000000000000 0.00000000000000000000 0.00000000000000000000
0.06412040732417095823 -0.00326970103092505144 0.07283019479905521176 0.96924388606900002685 0.23370801024099999155 -0.07711585613530000383
0.00000000000000000000 0.00000000000000000000 0.00000000000000000000 0.00000000000000000000 0.00000000000000000000 0.00000000000000000000
0.00000000000000000000 0.00000000000000000000 0.00000000000000000000 0.00000000000000000000 0.00000000000000000000 0.00000000000000000000
0.00000000000000000000 0.00000000000000000000 0.00000000000000000000 0.00000000000000000000 0.00000000000000000000 0.00000000000000000000
0.00000000000000000000 0.00000000000000000000 0.00000000000000000000 0.00000000000000000000 0.00000000000000000000 0.00000000000000000000
0.00000000000000000000 0.00000000000000000000 0.00000000000000000000 0.00000000000000000000 0.00000000000000000000 0.00000000000000000000
0.00000000000000000000 0.00000000000000000000 0.00000000000000000000 0.00000000000000000000 0.00000000000000000000 0.00000000000000000000
0.00000000000000000000 0.00000000000000000000 0.00000000000000000000 0.00000000000000000000 0.00000000000000000000 0.00000000000000000000
0.00000000000000000000 0.00000000000000000000 0.00000000000000000000 0.00000000000000000000 0.00000000000000000000 0.00000000000000000000
0.00000000000000000000 0.00000000000000000000 0.00000000000000000000 0.00000000000000000000 0.00000000000000000000 0.00000000000000000000
0.00000000000000000000 0.00000000000000000000 0.00000000000000000000 0.00000000000000000000 0.00000000000000000000 0.00000000000000000000
0.00000000000000000000 0.00000000000000000000 0.00000000000000000000 0.00000000000000000000 0.00000000000000000000 0.00000000000000000000
0.00000000000000000000 0.00000000000000000000 0.00000000000000000000 0.00000000000000000000 0.00000000000000000000 0.00000000000000000000
0.00000000000000000000 0.00000000000000000000 0.00000000000000000000 0.00000000000000000000 0.00000000000000000000 0.00000000000000000000
0.00000000000000000000 0.00000000000000000000 0.00000000000000000000 0.00000000000000000000 0.00000000000000000000 0.00000000000000000000
0.00000000000000000000 0.00000000000000000000 0.00000000000000000000 0.00000000000000000000 0.00000000000000000000 0.00000000000000000000
0.00000000000000000000 0.00000000000000000000 0.00000000000000000000 0.00000000000000000000 0.00000000000000000000 0.00000000000000000000
0.00000000000000000000 0.00000000000000000000 0.00000000000000000000 0.00000000000000000000 0.00000000000000000000 0.00000000000000000000
0.00000000000000000000 0.00000000000000000000 0.00000000000000000000 0.00000000000000000000 0.00000000000000000000 0.00000000000000000000
0.00000000000000000000 0.00000000000000000000 0.00000000000000000000 0.00000000000000000000 0.00000000000000000000 0.00000000000000000000
0.00000000000000000000 0.00000000000000000000 0.00000000000000000000 0.00000000000000000000 0.00000000000000000000 0.00000000000000000000
0.00000000000000000000 0.00000000000000000000 0.00000000000000000000 0.00000000000000000000 0.00000000000000000000 0.00000000000000000000
0.00000000000000000000 0.00000000000000000000 0.00000000000000000000 0.00000000000000000000 0.00000000000000000000 0.00000000000000000000
0.00000000000000000000 0.00000000000000000000 0.00000000000000000000 0.00000000000000000000 0.00000000000000000000 0.00000000000000000000
0.00000000000000000000 0.00000000000000000000 0.00000000000000000000 0.00000000000000000000 0.00000000000000000000 0.00000000000000000000
0.05221759369320143340 0.05477712084614683175 0.05748119021286824532 0.88219379952400001077 0.46971795602600002750 -0.03315330856609999960
0.05069148045836130434 0.05766579547866616806 0.05182120556077906420 0.88219379952400001077 0.46971795602600002750 -0.03315330856609999960
0.05374323979775888493 0.05188939054709690302 0.05182117486981504401 0.88219379952400001077 0.46971795602600002750 -0.03315330856609999960
0.05526935303259902094 0.04900071591457757364 0.05748115952190422512 0.88219379952400001077 0.46971795602600002750 -0.03315330856609999960
0.05679546626701097861 0.04611210142680399748 0.05182114417415319141 0.88219379952400001077 0.46971795602600002750 -0.03315330856609999960
0.05984722560640855921 0.04033569649523473938 0.05182111348318917121 0.88219379952400001077 0.46971795602600002750 -0.03315330856609999960
0.00000000000000000000 0.00000000000000000000 0.00000000000000000000 0.00000000000000000000 0.00000000000000000000 0.00000000000000000000
0.05832111237199661541 0.04322431098300832247 0.05748112883094020492 0.88219379952400001077 0.46971795602600002750 -0.03315330856609999960
0.05679546626743916388 0.04611204128205824426 0.06314114417399339929 0.88219379952400001077 0.46971795602600002750 -0.03315330856609999960
0.05526935303302709518 0.04900065578577124381 0.06879815952174446470 0.88219379952400001077 0.46971795602600002750 -0.03315330856609999960
0.00000000000000000000 0.00000000000000000000 0.00000000000000000000 0.00000000000000000000 0.00000000000000000000 0.00000000000000000000
0.05374323979818707020 0.05188933040235114980 0.06314117486965524495 0.88219379952400001077 0.46971795602600002750 -0.03315330856609999960
0.06027602042025401868 0.03619623166597776831 0.07282882745382211753 0.88418054046799998691 0.46714534339699997911 0.00000000000000000000
0.05880397681577791830 0.04256348980178076974 0.07282815027478417580 0.88418054046799998691 0.46714534339699997911 0.00000000000000000000
0.05953975353926452274 0.03938095087225747942 0.06717039740149213789 0.88418054046799998691 0.46714534339699997911 0.00000000000000000000
0.06101179714374061619 0.03301369273645447106 0.06717107458053010738 0.88418054046799998691 0.46714534339699997911 0.00000000000000000000
0.06027564288738351816 0.03619792479457414891 0.06151177850143244724 0.88418054046799998691 0.46714534339699997911 0.00000000000000000000
0.06101141961087012261 0.03301538586505086553 0.05585402562814042321 0.88418054046799998691 0.46714534339699997911 0.00000000000000000000
0.00000000000000000000 0.00000000000000000000 0.00000000000000000000 0.00000000000000000000 0.00000000000000000000 0.00000000000000000000
0.06174757386722723451 0.02983115380693118768 0.06151332170723809029 0.88418054046799998691 0.46714534339699997911 0.00000000000000000000
0.06248384074821671658 0.02664643460065146616 0.06717175175956806299 0.88418054046799998691 0.46714534339699997911 0.00000000000000000000
0.06321940979312661024 0.02346473385618742455 0.07282954784575279561 0.88418054046799998691 0.46714534339699997911 0.00000000000000000000
0.00000000000000000000 0.00000000000000000000 0.00000000000000000000 0.00000000000000000000 0.00000000000000000000 0.00000000000000000000
0.06174795140009773503 0.02982946067833479320 0.07283037065962777445 0.88418054046799998691 0.46714534339699997911 0.00000000000000000000
0.06374757275097986398 0.01342585857482781961 0.06313873046831394720 0.97429744427599995760 0.22526537700400001141 0.00000000000000000000
0.06347015855883059166 0.01668226498168200872 0.06879803675790396866 0.97429744427599995760 0.22526537700400001141 0.00000000000000000000
0.06319289369175400128 0.01993697865484050230 0.06314029408973319268 0.97429744427599995760 0.22526537700400001141 0.00000000000000000000
0.06347030788390330136 0.01668057224798630972 0.05748098780014318510 0.97429744427599995760 0.22526537700400001141 0.00000000000000000000
0.06291558638401202608 0.02319219052387732835 0.05748168539635682694 0.97429744427599995760 0.22526537700400001141 0.00000000000000000000
0.06263832151693543571 0.02644690419703582193 0.05182394272818605790 0.97429744427599995760 0.22526537700400001141 0.00000000000000000000
0.00000000000000000000 0.00000000000000000000 0.00000000000000000000 0.00000000000000000000 0.00000000000000000000 0.00000000000000000000
0.06319304301682672487 0.01993528592114480330 0.05182324513197240912 0.97429744427599995760 0.22526537700400001141 0.00000000000000000000
0.06374772207605258756 0.01342416584113212234 0.05182168151055316363 0.97429744427599995760 0.22526537700400001141 0.00000000000000000000
0.06430222304528342148 0.00691513626436197470 0.05182248391536931759 0.97429744427599995760 0.22526537700400001141 0.00000000000000000000
0.00000000000000000000 0.00000000000000000000 0.00000000000000000000 0.00000000000000000000 0.00000000000000000000 0.00000000000000000000
0.06402502938379457664 0.01016895397209529282 0.05748029020392953631 0.97429744427599995760 0.22526537700400001141 0.00000000000000000000
0.06398140735776362831 0.01017320268239196683 0.03812100121927017304 0.99638951921600005246 0.08489950528219999959 0.00000000000000000000
0.06426992513146616293 0.00691897919097871333 0.04378100792970718302 0.99638951921600005246 0.08489950528219999959 0.00000000000000000000
0.06369297055408364161 0.01342645277259680095 0.04378099451086205768 0.99638951921600005246 0.08489950528219999959 0.00000000000000000000
0.06340445278038109311 0.01668067626401004838 0.03812098780042506158 0.99638951921600005246 0.08489950528219999959 0.00000000000000000000
0.06311592766282123068 0.01993492244691067242 0.04378098108996293647 0.99638951921600005246 0.08489950528219999959 0.00000000000000000000
0.06253897308543872324 0.02644239602852876264 0.04378096767111782500 0.99638951921600005246 0.08489950528219999959 0.00000000000000000000
0.00000000000000000000 0.00000000000000000000 0.00000000000000000000 0.00000000000000000000 0.00000000000000000000 0.00000000000000000000
0.06282749820299858567 0.02318814984562812820 0.03812097438157995011 0.99638951921600005246 0.08489950528219999959 0.00000000000000000000
0.06311593500667854462 0.01993489975542329928 0.03246098108998806547 0.99638951921600005246 0.08489950528219999959 0.00000000000000000000
0.06340446012229215833 0.01668065357853632316 0.02680398780045017970 0.99638951921600005246 0.08489950528219999959 0.00000000000000000000
0.00000000000000000000 0.00000000000000000000 0.00000000000000000000 0.00000000000000000000 0.00000000000000000000 0.00000000000000000000
0.06369297789794095555 0.01342643008110942435 0.03246099451088718668 0.99638951921600005246 0.08489950528219999959 0.00000000000000000000
0.05875510133646560940 0.03954296612938084515 0.02843110927101285407 1.00000000000000000000 0.00000000000000000000 0.00000000000000000000
0.05795114094261418630 0.04270953006154101783 0.02277112609536113483 1.00000000000000000000 0.00000000000000000000 0.00000000000000000000
0.05955881564467500888 0.03637743159016348232 0.02277109245197411758 1.00000000000000000000 0.00000000000000000000 0.00000000000000000000
0.06036277603852644585 0.03321086765800330964 0.02843107562762584029 1.00000000000000000000 0.00000000000000000000 0.00000000000000000000
0.06116673643194968368 0.03004436387058887978 0.02277105880343734123 1.00000000000000000000 0.00000000000000000000 0.00000000000000000000
0.06277441113401049932 0.02371226539921133733 0.02277102516005032398 1.00000000000000000000 0.00000000000000000000 0.00000000000000000000
0.00000000000000000000 0.00000000000000000000 0.00000000000000000000 0.00000000000000000000 0.00000000000000000000 0.00000000000000000000
0.06197045074058726843 0.02687876918662576373 0.02843104198423882303 1.00000000000000000000 0.00000000000000000000 0.00000000000000000000
0.06116673643237786895 0.03004430372584313003 0.03409105880327756299 1.00000000000000000000 0.00000000000000000000 0.00000000000000000000
0.06036277603895451316 0.03321080752919697981 0.03974807562746610068 1.00000000000000000000 0.00000000000000000000 0.00000000000000000000
0.00000000000000000000 0.00000000000000000000 0.00000000000000000000 0.00000000000000000000 0.00000000000000000000 0.00000000000000000000
0.05955881564510319415 0.03637737144541772910 0.03409109245181433934 1.00000000000000000000 0.00000000000000000000 0.00000000000000000000
0.05362939482072073827 0.05188257583469577799 0.03246343886942942153 0.99609114858400005232 0.08518165255859999618 -0.02337754864009999878
0.05516829084415829365 0.04899940205586319347 0.02680411055326854114 0.99609114858400005232 0.08518165255859999618 -0.02337754864009999878
0.05670639765411990968 0.04611764678234206438 0.03246183120602993966 0.99609114858400005232 0.08518165255859999618 -0.02337754864009999878
0.05516750163068234042 0.04900082056117464196 0.03812115952219082005 0.99609114858400005232 0.08518165255859999618 -0.02337754864009999878
0.05824473990060530237 0.04323545040132458633 0.03812041788062704717 0.99609114858400005232 0.08518165255859999618 -0.02337754864009999878
0.05978284671056691840 0.04035369512780345030 0.04377813853338845262 0.99609114858400005232 0.08518165255859999618 -0.02337754864009999878
0.00000000000000000000 0.00000000000000000000 0.00000000000000000000 0.00000000000000000000 0.00000000000000000000 0.00000000000000000000
0.05670560844064396339 0.04611906528765350594 0.04377888017495221856 0.99609114858400005232 0.08518165255859999618 -0.02337754864009999878
0.05362860560724478504 0.05188399434000721261 0.04378048783835170044 0.99609114858400005232 0.08518165255859999618 -0.02337754864009999878
0.05055259069446671472 0.05764707248291238428 0.04377972946137543425 0.99609114858400005232 0.08518165255859999618 -0.02337754864009999878
0.00000000000000000000 0.00000000000000000000 0.00000000000000000000 0.00000000000000000000 0.00000000000000000000 0.00000000000000000000
0.05209026336075939234 0.05476619072102469066 0.03812190116375458598 0.99609114858400005232 0.08518165255859999618 -0.02337754864009999878
0.06383767307562578097 -0.00326049502315786666 0.03408864181096635942 0.99777203702899996962 0.00000000000000324710 -0.06671553135060000195
0.06361968839905778050 0.00000042873089595037 0.03974794812455542670 0.99777203702899996962 0.00000000000000324710 -0.06671553135060000195
0.06340182105805933221 0.00325965731967287932 0.03409020548037078324 0.99777203702899996962 0.00000000000000324710 -0.06671553135060000195
0.06361980573462736044 -0.00000126643438093803 0.02843089916678171597 0.99777203702899996962 0.00000000000000324710 -0.06671553135060000195
0.06318392036831745051 0.00651938479542191543 0.02843159681098421376 0.99777203702899996962 0.00000000000000324710 -0.06671553135060000195
0.06296605302731900222 0.00977861338419884138 0.02277385416679957378 0.99777203702899996962 0.00000000000000324710 -0.06671553135060000195
0.00000000000000000000 0.00000000000000000000 0.00000000000000000000 0.00000000000000000000 0.00000000000000000000 0.00000000000000000000
0.06340193839362892603 0.00325796215439599045 0.02277315652259707252 0.99777203702899996962 0.00000000000000324710 -0.06671553135060000195
0.06383779041119537478 -0.00326219018843475466 0.02277159285319264870 0.99777203702899996962 0.00000000000000324710 -0.06671553135060000195
0.06427350249039143204 -0.00978024912804753739 0.02277239521003903214 0.99777203702899996962 0.00000000000000324710 -0.06671553135060000195
0.00000000000000000000 0.00000000000000000000 0.00000000000000000000 0.00000000000000000000 0.00000000000000000000 0.00000000000000000000
0.06405569110093725649 -0.00652191766418379077 0.02843020152257921818 0.99777203702899996962 0.00000000000000324710 -0.06671553135060000195
0.06252299506418254604 -0.00648718104608710273 0.00906091269995256722 0.99281137913299999376 0.00000000000000457783 -0.11968945427299999829
0.06291395871639335335 -0.00973069146169639951 0.01472091946730576424 0.99281137913299999376 0.00000000000000457783 -0.11968945427299999829
0.06213214113239375752 -0.00324464102516987696 0.01472090593464422774 0.99281137913299999376 0.00000000000000457783 -0.11968945427299999829
0.06174117748018293633 -0.00000113060956058063 0.00906089916729103072 0.99281137913299999376 0.00000000000000457783 -0.11968945427299999829
0.06135020387633167982 0.00324240222483231002 0.01472089239991125793 0.99281137913299999376 0.00000000000000457783 -0.11968945427299999829
0.06056838629233205623 0.00972845266135883256 0.01472087886724972317 0.99281137913299999376 0.00000000000000457783 -0.11968945427299999829
0.00000000000000000000 0.00000000000000000000 0.00000000000000000000 0.00000000000000000000 0.00000000000000000000 0.00000000000000000000
0.06095935989618331274 0.00648491982696594062 0.00906088563462949248 0.99281137913299999376 0.00000000000000457783 -0.11968945427299999829
0.06135021382797211514 0.00324237980604871615 0.00340089239993783196 0.99281137913299999376 0.00000000000000457783 -0.11968945427299999829
0.06174118742918600911 -0.00000115302240280036 -0.00225610083268240353 0.99281137913299999376 0.00000000000000457783 -0.11968945427299999829
0.00000000000000000000 0.00000000000000000000 0.00000000000000000000 0.00000000000000000000 0.00000000000000000000 0.00000000000000000000
0.06213215108403418591 -0.00324466344395347083 0.00340090593467080090 0.99281137913299999376 0.00000000000000457783 -0.11968945427299999829
0.04874887487686281606 -0.05088909034580399449 -0.00745259830985967563 0.82223415397099997026 -0.54407992582599995490 -0.16705696739900000036
0.04502943679534851529 -0.05626260586303859224 -0.00745201194807548848 0.82223415397099997026 -0.54407992582599995490 -0.16705696739900000036
0.04688851293501397621 -0.05357685760752663173 -0.00179421368241233304 0.82223415397099997026 -0.54407992582599995490 -0.16705696739900000036
0.05060795101652828393 -0.04820334209029203398 -0.00179480004419652018 0.82223415397099997026 -0.54407992582599995490 -0.16705696739900000036
0.04874787364166853487 -0.05089069824712326440 0.00386445061696667497 0.82223415397099997026 -0.54407992582599995490 -0.16705696739900000036
0.05060694978133398886 -0.04820494999161131083 0.00952224888262983259 0.82223415397099997026 -0.54407992582599995490 -0.16705696739900000036
0.00000000000000000000 0.00000000000000000000 0.00000000000000000000 0.00000000000000000000 0.00000000000000000000 0.00000000000000000000
0.05246702715619375873 -0.04551759383478007348 0.00386299822146663526 0.82223415397099997026 -0.54407992582599995490 -0.16705696739900000036
0.05432738909804259858 -0.04282982657305742236 -0.00179538640598070733 0.82223415397099997026 -0.54407992582599995490 -0.16705696739900000036
0.05618598780272840432 -0.04014460668963804046 -0.00745313711033570095 0.82223415397099997026 -0.54407992582599995490 -0.16705696739900000036
0.00000000000000000000 0.00000000000000000000 0.00000000000000000000 0.00000000000000000000 0.00000000000000000000 0.00000000000000000000
0.05246802839138804686 -0.04551598593346078969 -0.00745405070535971447 0.82223415397099997026 -0.54407992582599995490 -0.16705696739900000036
0.05964187208552515496 -0.02998797146492285931 0.00216772378070886418 0.95771924191699997486 -0.25520121178499999282 -0.13283898209799999135
0.05870163946486893491 -0.03311791120119476906 -0.00349163385654645275 0.95771924191699997486 -0.25520121178499999282 -0.13283898209799999135
0.05776188903753962101 -0.03624640712910921075 0.00216605748916667363 0.95771924191699997486 -0.25520121178499999282 -0.13283898209799999135
0.05870212165819584799 -0.03311646739283729407 0.00782541512642199143 0.95771924191699997486 -0.25520121178499999282 -0.13283898209799999135
0.05682199476352008116 -0.03937538193287361959 0.00782461485222951669 0.95771924191699997486 -0.25520121178499999282 -0.13283898209799999135
0.05588224433619076725 -0.04250387786078804742 0.01348230619794264264 0.95771924191699997486 -0.25520121178499999282 -0.13283898209799999135
0.00000000000000000000 0.00000000000000000000 0.00000000000000000000 0.00000000000000000000 0.00000000000000000000 0.00000000000000000000
0.05776237123086654102 -0.03624496332075172189 0.01348310647213511564 0.95771924191699997486 -0.25520121178499999282 -0.13283898209799999135
0.05964235427885206803 -0.02998652765656538779 0.01348477276367730619 0.95771924191699997486 -0.25520121178499999282 -0.13283898209799999135
0.06152173372842659888 -0.02373010132879310383 0.01348407299602045681 0.95771924191699997486 -0.25520121178499999282 -0.13283898209799999135
0.00000000000000000000 0.00000000000000000000 0.00000000000000000000 0.00000000000000000000 0.00000000000000000000 0.00000000000000000000
0.06058224855287162869 -0.02685755285280097548 0.00782621540061446269 0.95771924191699997486 -0.25520121178499999282 -0.13283898209799999135
0.05969987743714452733 -0.01987251130244096012 -0.00745215594986704290 0.98557903982200001369 -0.09822425738420000052 -0.13778951891899998694
0.05859410098102699194 -0.02631348538272556756 -0.00745158481235640765 0.98557903982200001369 -0.09822425738420000052 -0.13778951891899998694
0.05914679807691742425 -0.02309419235488484323 -0.00179377893718797718 0.98557903982200001369 -0.09822425738420000052 -0.13778951891899998694
0.06025257453303495964 -0.01665321827460023926 -0.00179435007469861199 0.98557903982200001369 -0.09822425738420000052 -0.13778951891899998694
0.05969957977361849827 -0.01987440655296975750 0.00386489297286108594 0.98557903982200001369 -0.09822425738420000052 -0.13778951891899998694
0.06025227686950892364 -0.01665511352512903664 0.00952269884802951772 0.98557903982200001369 -0.09822425738420000052 -0.13778951891899998694
0.00000000000000000000 0.00000000000000000000 0.00000000000000000000 0.00000000000000000000 0.00000000000000000000 0.00000000000000000000
0.06080527162892539195 -0.01343392524675952014 0.00386345580046981892 0.98557903982200001369 -0.09822425738420000052 -0.13778951891899998694
0.06135835098915250196 -0.01021224419431563876 -0.00179492121220924594 0.98557903982200001369 -0.09822425738420000052 -0.13778951891899998694
0.06191090614488994198 -0.00699361655968074990 -0.00745266430901318343 0.98557903982200001369 -0.09822425738420000052 -0.13778951891899998694
0.00000000000000000000 0.00000000000000000000 0.00000000000000000000 0.00000000000000000000 0.00000000000000000000 0.00000000000000000000
0.06080556929245142794 -0.01343202999623072449 -0.00745359312225830819 0.98557903982200001369 -0.09822425738420000052 -0.13778951891899998694
0.00000000000000000000 0.00000000000000000000 0.00000000000000000000 0.00000000000000000000 0.00000000000000000000 0.00000000000000000000
0.00000000000000000000 0.00000000000000000000 0.00000000000000000000 0.00000000000000000000 0.00000000000000000000 0.00000000000000000000
0.00000000000000000000 0.00000000000000000000 0.00000000000000000000 0.00000000000000000000 0.00000000000000000000 0.00000000000000000000
0.00000000000000000000 0.00000000000000000000 0.00000000000000000000 0.00000000000000000000 0.00000000000000000000 0.00000000000000000000
0.00000000000000000000 0.00000000000000000000 0.00000000000000000000 0.00000000000000000000 0.00000000000000000000 0.00000000000000000000
0.00000000000000000000 0.00000000000000000000 0.00000000000000000000 0.00000000000000000000 0.00000000000000000000 0.00000000000000000000
0.00000000000000000000 0.00000000000000000000 0.00000000000000000000 0.00000000000000000000 0.00000000000000000000 0.00000000000000000000
0.00000000000000000000 0.00000000000000000000 0.00000000000000000000 0.00000000000000000000 0.00000000000000000000 0.00000000000000000000
0.00000000000000000000 0.00000000000000000000 0.00000000000000000000 0.00000000000000000000 0.00000000000000000000 0.00000000000000000000
0.00000000000000000000 0.00000000000000000000 0.00000000000000000000 0.00000000000000000000 0.00000000000000000000 0.00000000000000000000
0.00000000000000000000 0.00000000000000000000 0.00000000000000000000 0.00000000000000000000 0.00000000000000000000 0.00000000000000000000
0.00000000000000000000 0.00000000000000000000 0.00000000000000000000 0.00000000000000000000 0.00000000000000000000 0.00000000000000000000
0.00000000000000000000 0.00000000000000000000 0.00000000000000000000 0.00000000000000000000 0.00000000000000000000 0.00000000000000000000
0.00000000000000000000 0.00000000000000000000 0.00000000000000000000 0.00000000000000000000 0.00000000000000000000 0.00000000000000000000
0.00000000000000000000 0.00000000000000000000 0.00000000000000000000 0.00000000000000000000 0.00000000000000000000 0.00000000000000000000
0.00000000000000000000 0.00000000000000000000 0.00000000000000000000 0.00000000000000000000 0.00000000000000000000 0.00000000000000000000
0.00000000000000000000 0.00000000000000000000 0.00000000000000000000 0.00000000000000000000 0.00000000000000000000 0.00000000000000000000
0.00000000000000000000 0.00000000000000000000 0.00000000000000000000 0.00000000000000000000 0.00000000000000000000 0.00000000000000000000
0.00000000000000000000 0.00000000000000000000 0.00000000000000000000 0.00000000000000000000 0.00000000000000000000 0.00000000000000000000
0.00000000000000000000 0.00000000000000000000 0.00000000000000000000 0.00000000000000000000 0.00000000000000000000 0.00000000000000000000
0.00000000000000000000 0.00000000000000000000 0.00000000000000000000 0.00000000000000000000 0.00000000000000000000 0.00000000000000000000
0.00000000000000000000 0.00000000000000000000 0.00000000000000000000 0.00000000000000000000 0.00000000000000000000 0.00000000000000000000
0.00000000000000000000 0.00000000000000000000 0.00000000000000000000 0.00000000000000000000 0.00000000000000000000 0.00000000000000000000
0.00000000000000000000 0.00000000000000000000 0.00000000000000000000 0.00000000000000000000 0.00000000000000000000 0.00000000000000000000
0.00000000000000000000 0.00000000000000000000 0.00000000000000000000 0.00000000000000000000 0.00000000000000000000 0.00000000000000000000
0.00000000000000000000 0.00000000000000000000 0.00000000000000000000 0.00000000000000000000 0.00000000000000000000 0.00000000000000000000
0.00000000000000000000 0.00000000000000000000 0.00000000000000000000 0.00000000000000000000 0.00000000000000000000 0.00000000000000000000
0.00000000000000000000 0.00000000000000000000 0.00000000000000000000 0.00000000000000000000 0.00000000000000000000 0.00000000000000000000
0.00000000000000000000 0.00000000000000000000 0.00000000000000000000 0.00000000000000000000 0.00000000000000000000 0.00000000000000000000
0.00000000000000000000 0.00000000000000000000 0.00000000000000000000 0.00000000000000000000 0.00000000000000000000 0.00000000000000000000
0.00000000000000000000 0.00000000000000000000 0.00000000000000000000 0.00000000000000000000 0.00000000000000000000 0.00000000000000000000
0.00000000000000000000 0.00000000000000000000 0.00000000000000000000 0.00000000000000000000 0.00000000000000000000 0.00000000000000000000
0.00000000000000000000 0.00000000000000000000 0.00000000000000000000 0.00000000000000000000 0.00000000000000000000 0.00000000000000000000
0.00000000000000000000 0.00000000000000000000 0.00000000000000000000 0.00000000000000000000 0.00000000000000000000 0.00000000000000000000
0.00000000000000000000 0.00000000000000000000 0.00000000000000000000 0.00000000000000000000 0.00000000000000000000 0.00000000000000000000
0.00000000000000000000 0.00000000000000000000 0.00000000000000000000 0.00000000000000000000 0.00000000000000000000 0.00000000000000000000
0.00000000000000000000 0.00000000000000000000 0.00000000000000000000 0.00000000000000000000 0.00000000000000000000 0.00000000000000000000
0.00000000000000000000 0.00000000000000000000 0.00000000000000000000 0.00000000000000000000 0.00000000000000000000 0.00000000000000000000
0.00000000000000000000 0.00000000000000000000 0.00000000000000000000 0.00000000000000000000 0.00000000000000000000 0.00000000000000000000
0.00000000000000000000 0.00000000000000000000 0.00000000000000000000 0.00000000000000000000 0.00000000000000000000 0.00000000000000000000
0.00000000000000000000 0.00000000000000000000 0.00000000000000000000 0.00000000000000000000 0.00000000000000000000 0.00000000000000000000
0.00000000000000000000 0.00000000000000000000 0.00000000000000000000 0.00000000000000000000 0.00000000000000000000 0.00000000000000000000
0.00000000000000000000 0.00000000000000000000 0.00000000000000000000 0.00000000000000000000 0.00000000000000000000 0.00000000000000000000
0.00000000000000000000 0.00000000000000000000 0.00000000000000000000 0.00000000000000000000 0.00000000000000000000 0.00000000000000000000
0.00000000000000000000 0.00000000000000000000 0.00000000000000000000 0.00000000000000000000 0.00000000000000000000 0.00000000000000000000
0.00000000000000000000 0.00000000000000000000 0.00000000000000000000 0.00000000000000000000 0.00000000000000000000 0.00000000000000000000
0.00000000000000000000 0.00000000000000000000 0.00000000000000000000 0.00000000000000000000 0.00000000000000000000 0.00000000000000000000
0.00000000000000000000 0.00000000000000000000 0.00000000000000000000 0.00000000000000000000 0.00000000000000000000 0.00000000000000000000
0.00000000000000000000 0.00000000000000000000 0.00000000000000000000 0.00000000000000000000 0.00000000000000000000 0.00000000000000000000
0.00000000000000000000 0.00000000000000000000 0.00000000000000000000 0.00000000000000000000 0.00000000000000000000 0.00000000000000000000
0.00000000000000000000 0.00000000000000000000 0.00000000000000000000 0.00000000000000000000 0.00000000000000000000 0.00000000000000000000
0.00000000000000000000 0.00000000000000000000 0.00000000000000000000 0.00000000000000000000 0.00000000000000000000 0.00000000000000000000
0.00000000000000000000 0.00000000000000000000 0.00000000000000000000 0.00000000000000000000 0.00000000000000000000 0.00000000000000000000
0.00000000000000000000 0.00000000000000000000 0.00000000000000000000 0.00000000000000000000 0.00000000000000000000 0.00000000000000000000
0.00000000000000000000 0.00000000000000000000 0.00000000000000000000 0.00000000000000000000 0.00000000000000000000 0.00000000000000000000
0.00000000000000000000 0.00000000000000000000 0.00000000000000000000 0.00000000000000000000 0.00000000000000000000 0.00000000000000000000
0.00000000000000000000 0.00000000000000000000 0.00000000000000000000 0.00000000000000000000 0.00000000000000000000 0.00000000000000000000
0.00000000000000000000 0.00000000000000000000 0.00000000000000000000 0.00000000000000000000 0.00000000000000000000 0.00000000000000000000
0.00000000000000000000 0.00000000000000000000 0.00000000000000000000 0.00000000000000000000 0.00000000000000000000 0.00000000000000000000
0.00000000000000000000 0.00000000000000000000 0.00000000000000000000 0.00000000000000000000 0.00000000000000000000 0.00000000000000000000
0.06453438938176446482 -0.01016855890774763689 0.05624574241566435151 0.96925534949000002882 -0.23366146976200000140 -0.07711280720049999704
0.06481163010847040828 -0.00691326289554954326 0.05058578884231917927 0.96925534949000002882 -0.23366146976200000140 -0.07711280720049999704
0.06425723351553089269 -0.01342269708057040357 0.05058569600437141239 0.96925534949000002882 -0.23366146976200000140 -0.07711280720049999704
0.06397999278882496310 -0.01667799309276849634 0.05624564957771658463 0.96925534949000002882 -0.23366146976200000140 -0.07711280720049999704
0.06370275206164037474 -0.01993312765839472256 0.05058560315221303366 0.96925534949000002882 -0.23366146976200000140 -0.07711280720049999704
0.06314835546870085914 -0.02644256184341558374 0.05058551031426526678 0.96925534949000002882 -0.23366146976200000140 -0.07711280720049999704
0.00000000000000000000 0.00000000000000000000 0.00000000000000000000 0.00000000000000000000 0.00000000000000000000 0.00000000000000000000
0.06342559619588543363 -0.02318742727778935753 0.05624555673976881776 0.96925534949000002882 -0.23366146976200000140 -0.07711280720049999704
0.06370275206211900576 -0.01993328910496659084 0.06190560315106174299 0.96925534949000002882 -0.23366146976200000140 -0.07711280720049999704
0.06397999278930346923 -0.01667815449655416990 0.06756264957656560322 0.96925534949000002882 -0.23366146976200000140 -0.07711280720049999704
0.00000000000000000000 0.00000000000000000000 0.00000000000000000000 0.00000000000000000000 0.00000000000000000000 0.00000000000000000000
0.06425723351600952371 -0.01342285852714227186 0.06190569600322012173 0.96925534949000002882 -0.23366146976200000140 -0.07711280720049999704
0.06225763137527923208 -0.02982877291033650749 0.07159319798598748341 0.99609337598699998484 -0.08515573271659999943 -0.02337707209990000021
0.06372941065618890899 -0.02346145366565910440 0.07159257778781587256 0.99609337598699998484 -0.08515573271659999943 -0.02337707209990000021
0.06299376605002540708 -0.02664397250561296310 0.06593479643407293422 0.99609337598699998484 -0.08515573271659999943 -0.02337707209990000021
0.06152198676911571629 -0.03301129175029036272 0.06593541663224455895 0.99609337598699998484 -0.08515573271659999943 -0.02337707209990000021
0.06225800883945255271 -0.02982697849065176626 0.06027614904920282346 0.99609337598699998484 -0.08515573271659999943 -0.02337707209990000021
0.06152236423328904386 -0.03300949733060562497 0.05461836769545988512 0.99609337598699998484 -0.08515573271659999943 -0.02337707209990000021
0.00000000000000000000 0.00000000000000000000 0.00000000000000000000 0.00000000000000000000 0.00000000000000000000 0.00000000000000000000
0.06078634216295220050 -0.03619381059024422836 0.06027763527850159980 0.99609337598699998484 -0.08515573271659999943 -0.02337707209990000021
0.06005020748820603937 -0.03937861099496776929 0.06593603683041616981 0.99609337598699998484 -0.08515573271659999943 -0.02337707209990000021
0.05931477052423437396 -0.04256039290323596763 0.07159380444319785042 0.99609337598699998484 -0.08515573271659999943 -0.02337707209990000021
0.00000000000000000000 0.00000000000000000000 0.00000000000000000000 0.00000000000000000000 0.00000000000000000000 0.00000000000000000000
0.06078596469877889374 -0.03619560500992897306 0.07159468421528628057 0.99609337598699998484 -0.08515573271659999943 -0.02337707209990000021
0.05425502467700939885 -0.05188648425453562529 0.06190290739377695556 0.99639171404899995466 -0.08487374255570000192 0.00000000000000000000
0.05578147218072881941 -0.04899670421489701888 0.06756223759627398573 0.99639171404899995466 -0.08487374255570000192 0.00000000000000000000
0.05730709803336873909 -0.04610831831449224011 0.06190451882912941656 0.99639171404899995466 -0.08487374255570000192 0.00000000000000000000
0.05578065052964931159 -0.04899809835413085346 0.05624518862663240026 0.99639171404899995466 -0.08487374255570000192 0.00000000000000000000
0.05883295741208437873 -0.04321949029164748324 0.05624593404043778250 0.99639171404899995466 -0.08487374255570000192 0.00000000000000000000
0.06035858326472431229 -0.04033110439124270447 0.05058821527329324802 0.99639171404899995466 -0.08487374255570000192 0.00000000000000000000
0.00000000000000000000 0.00000000000000000000 0.00000000000000000000 0.00000000000000000000 0.00000000000000000000 0.00000000000000000000
0.05730627638228923820 -0.04610971245372606775 0.05058746985948785885 0.99639171404899995466 -0.08487374255570000192 0.00000000000000000000
0.05425420302592989796 -0.05188787839376945987 0.05058585842413537703 0.99639171404899995466 -0.08487374255570000192 0.00000000000000000000
0.05120310959430388748 -0.05766418918025403156 0.05058661303036963985 0.99639171404899995466 -0.08487374255570000192 0.00000000000000000000
0.00000000000000000000 0.00000000000000000000 0.00000000000000000000 0.00000000000000000000 0.00000000000000000000 0.00000000000000000000
0.05272834364721425832 -0.05477670641661420980 0.05624444321282701109 0.99639171404899995466 -0.08487374255570000192 0.00000000000000000000
0.05260309993457852606 -0.05476150838867609172 0.03688515442065690847 0.97430784883099996740 -0.22522037142799999909 0.00000000000000000000
0.05106502634469079621 -0.05764383596905989920 0.04254513731386858760 0.97430784883099996740 -0.22522037142799999909 0.00000000000000000000
0.05414074188015141620 -0.05188015112828693598 0.04254517152179870115 0.97430784883099996740 -0.22522037142799999909 0.00000000000000000000
0.05567881547003913217 -0.04899782354790312155 0.03688518862858703590 0.97430784883099996740 -0.22522037142799999909 0.00000000000000000000
0.05721692821241831234 -0.04611558404584234494 0.04254520573496500119 0.97430784883099996740 -0.22522037142799999909 0.00000000000000000000
0.06029264374787891151 -0.04035189920506937478 0.04254523994289512862 0.97430784883099996740 -0.22522037142799999909 0.00000000000000000000
0.00000000000000000000 0.00000000000000000000 0.00000000000000000000 0.00000000000000000000 0.00000000000000000000 0.00000000000000000000
0.05875453100549974522 -0.04323413870713017221 0.03688522283651716333 0.97430784883099996740 -0.22522037142799999909 0.00000000000000000000
0.05721688905992684815 -0.04611549596751932795 0.03122520573537537411 0.97430784883099996740 -0.22522037142799999909 0.00000000000000000000
0.05567877632792377768 -0.04899773549292241875 0.02556818862899729733 0.97430784883099996740 -0.22522037142799999909 0.00000000000000000000
0.00000000000000000000 0.00000000000000000000 0.00000000000000000000 0.00000000000000000000 0.00000000000000000000 0.00000000000000000000
0.05414070272765995895 -0.05188006304996391899 0.03122517152220907408 0.97430784883099996740 -0.22522037142799999909 0.00000000000000000000
0.06248041356987804607 -0.02687553945675940845 0.02719550413675995287 0.88422168210300000624 -0.46706746504099999617 0.00000000000000000000
0.06328424127110356123 -0.02370889118732541143 0.02153554929909268223 0.88422168210300000624 -0.46706746504099999617 0.00000000000000000000
0.06167683191277183868 -0.03004105702111338830 0.02153545898940212658 0.88422168210300000624 -0.46706746504099999617 0.00000000000000000000
0.06087300421154633046 -0.03320770529054738879 0.02719541382706939722 0.88422168210300000624 -0.46706746504099999617 0.00000000000000000000
0.06006917650984217039 -0.03637419211340952446 0.02153536866588795159 0.88422168210300000624 -0.46706746504099999617 0.00000000000000000000
0.05846176715151045478 -0.04270635794719748746 0.02153527835619739594 0.88422168210300000624 -0.46706746504099999617 0.00000000000000000000
0.00000000000000000000 0.00000000000000000000 0.00000000000000000000 0.00000000000000000000 0.00000000000000000000 0.00000000000000000000
0.05926559485321460097 -0.03953987112433535872 0.02719532351737884157 0.88422168210300000624 -0.46706746504099999617 0.00000000000000000000
0.06006917651032080141 -0.03637435355998138581 0.03285536866473666440 0.88422168210300000624 -0.46706746504099999617 0.00000000000000000000
0.06087300421202483658 -0.03320786669433306582 0.03851241382591841927 0.88422168210300000624 -0.46706746504099999617 0.00000000000000000000
0.00000000000000000000 0.00000000000000000000 0.00000000000000000000 0.00000000000000000000 0.00000000000000000000 0.00000000000000000000
0.06167683191325046971 -0.03004121846768525658 0.03285545898825083938 0.88422168210300000624 -0.46706746504099999617 0.00000000000000000000
0.06420255059337363901 -0.01342388061790110963 0.03122796002161612114 0.88223562754600004521 -0.46963956755500002593 -0.03315077790070000002
0.06391399092738164756 -0.01667922594650792650 0.02556860059579058389 0.88223562754600004521 -0.46963956755500002593 -0.03315077790070000002
0.06362557924801980069 -0.01993306315322627975 0.03122629015385074494 0.88223562754600004521 -0.46963956755500002593 -0.03315077790070000002
0.06391413891401180603 -0.01667771782461946115 0.03688564957967627872 0.88223562754600004521 -0.46963956755500002593 -0.03315077790070000002
0.06333712342176078813 -0.02318739842166309476 0.03688484572898698827 0.88223562754600004521 -0.46963956755500002593 -0.03315077790070000002
0.06304871174239894127 -0.02644123562838145147 0.04254253528704715626 0.88223562754600004521 -0.46963956755500002593 -0.03315077790070000002
0.00000000000000000000 0.00000000000000000000 0.00000000000000000000 0.00000000000000000000 0.00000000000000000000 0.00000000000000000000
0.06362572723464995916 -0.01993155503133781439 0.04254333913773644671 0.88223562754600004521 -0.46963956755500002593 -0.03315077790070000002
0.06420269858000381136 -0.01342237249601264254 0.04254500900550181597 0.88223562754600004521 -0.46963956755500002593 -0.03315077790070000002
0.06477948467954505740 -0.00691527980336626314 0.04254431281291994743 0.88223562754600004521 -0.46963956755500002593 -0.03315077790070000002
0.00000000000000000000 0.00000000000000000000 0.00000000000000000000 0.00000000000000000000 0.00000000000000000000 0.00000000000000000000
0.06449115440626283779 -0.01016803722757582754 0.03688645343036556917 0.88223562754600004521 -0.46963956755500002593 -0.03315077790070000002
0.04199094313453718280 -0.06363604009744681933 0.03285273981841593111 0.62697966758300005541 -0.77048775090699994639 -0.11508745430899999795
0.04453698558141434144 -0.06158697342396406843 0.03851205803056146487 0.62697966758300005541 -0.77048775090699994639 -0.11508745430899999795
0.04708165755336062019 -0.05953884835358731753 0.03285432727951954207 0.62697966758300005541 -0.77048775090699994639 -0.11508745430899999795
0.04453561510648344074 -0.06158791502707006843 0.02719500906737401871 0.62697966758300005541 -0.77048775090699994639 -0.11508745430899999795
0.04962671903578782379 -0.05749040977868426217 0.02719573050509617451 0.62697966758300005541 -0.77048775090699994639 -0.11508745430899999795
0.05217139100773408866 -0.05544228470830751127 0.02153799975405425865 0.62697966758300005541 -0.77048775090699994639 -0.11508745430899999795
0.00000000000000000000 0.00000000000000000000 0.00000000000000000000 0.00000000000000000000 0.00000000000000000000 0.00000000000000000000
0.04708028707842971949 -0.05953978995669331059 0.02153727831633209938 0.62697966758300005541 -0.77048775090699994639 -0.11508745430899999795
0.04198957265960628210 -0.06363698170055281933 0.02153569085522849189 0.62697966758300005541 -0.77048775090699994639 -0.11508745430899999795
0.03690049270902351353 -0.06773285799878264735 0.02153646942801424463 0.62697966758300005541 -0.77048775090699994639 -0.11508745430899999795
0.00000000000000000000 0.00000000000000000000 0.00000000000000000000 0.00000000000000000000 0.00000000000000000000 0.00000000000000000000
0.03944451117717907851 -0.06568542027545588857 0.02719428762965185944 0.62697966758300005541 -0.77048775090699994639 -0.11508745430899999795
0.03559484182802132718 -0.06420714746906121262 0.00782501970409530366 0.56488342695200000065 -0.80618735676700004067 -0.17597914576300000000
0.03289906709534431289 -0.06605271346824451162 0.01348501738371662290 0.56488342695200000065 -0.80618735676700004067 -0.17597914576300000000
0.03828986001926942828 -0.06236226083322298636 0.01348502202297709694 0.56488342695200000065 -0.80618735676700004067 -0.17597914576300000000
0.04098563475194644257 -0.06051669483403969430 0.00782502434335577771 0.56488342695200000065 -0.80618735676700004067 -0.17597914576300000000
0.04368147810666064140 -0.05867124330418110184 0.01348502666294769912 0.56488342695200000065 -0.80618735676700004067 -0.17597914576300000000
0.04907227103058577067 -0.05498079066915958352 0.01348503130220817491 0.56488342695200000065 -0.80618735676700004067 -0.17597914576300000000
0.00000000000000000000 0.00000000000000000000 0.00000000000000000000 0.00000000000000000000 0.00000000000000000000 0.00000000000000000000
0.04637642767587157183 -0.05682624219901817597 0.00782502898261625175 0.56488342695200000065 -0.80618735676700004067 -0.17597914576300000000
0.04368140948462346379 -0.05867112883485638836 0.00216502666373445543 0.56488342695200000065 -0.80618735676700004067 -0.17597914576300000000
0.04098556614809531484 -0.06051658039505136699 -0.00349197565585767505 0.56488342695200000065 -0.80618735676700004067 -0.17597914576300000000
0.00000000000000000000 0.00000000000000000000 0.00000000000000000000 0.00000000000000000000 0.00000000000000000000 0.00000000000000000000
0.03828979139723225067 -0.06236214636389827287 0.00216502202376385455 0.56488342695200000065 -0.80618735676700004067 -0.17597914576300000000
