leftArm	 a 	 d 	 alpha 	 offset
leftShoulderPitch 0.00000000 0.10000000 -1.57079633 0.00000000
leftShoulderRoll 0.00000000 0.09800000 1.57079633 0.00000000
leftElbowYaw 0.00000000 0.00000000 1.57079633 1.57079633
leftElbowRoll 0.00000000 0.10500000 -1.57079633 0.00000000
leftWristYaw 0.00000000 0.00000000 1.57079633 0.00000000
leftEE 0.00000000 0.00000000 -1.57079633 3.14159265

rightArm	 a 	 d 	 alpha 	 offset
rightShoulderPitch 0.00000000 0.10000000 -1.57079633 0.00000000
rightShoulderRoll 0.00000000 -0.09800000 1.57079633 0.00000000
rightElbowYaw 0.00000000 0.00000000 1.57079633 1.57079633
rightElbowRoll 0.00000000 0.10500000 -1.57079633 0.00000000
rightWristYaw 0.00000000 0.00000000 1.57079633 0.00000000
rightEE 0.00000000 0.00000000 -1.57079633 3.14159265

head	 a 	 d 	 alpha 	 offset
headYaw 0.00000000 0.12650000 0.00000000 0.00000000
headPitch 0.00000000 0.00000000 -1.57079633 0.00000000
headEE 0.00000000 0.00000000 0.00000000 0.00000000

torsoSkin	 a 	 d 	 alpha 	 offset
torsoPlastic 0.00000000 0.00000000 0.00000000 0.00000000
torsoLeftPatch 0.00000000 0.00000000 0.00000000 0.00000000
torsoRightPatch 0.00000000 0.00000000 0.00000000 0.00000000
torsoTriangle0 0.00000000 0.00000000 0.00000000 0.00000000
torsoTriangle1 0.00000000 0.00000000 0.00000000 0.00000000
torsoTriangle2 0.00000000 0.00000000 0.00000000 0.00000000
torsoTriangle3 0.00000000 0.00000000 0.00000000 0.00000000
torsoTriangle4 0.00000000 0.00000000 0.00000000 0.00000000
torsoTriangle5 0.00000000 0.00000000 0.00000000 0.00000000
torsoTriangle8 0.00000000 0.00000000 0.00000000 0.00000000
torsoTriangle9 0.00000000 0.00000000 0.00000000 0.00000000
torsoTriangle10 0.00000000 0.00000000 0.00000000 0.00000000
torsoTriangle11 0.00000000 0.00000000 0.00000000 0.00000000
torsoTriangle12 0.00000000 0.00000000 0.00000000 0.00000000
torsoTriangle13 0.00000000 0.00000000 0.00000000 0.00000000
torsoTriangle14 0.00000000 0.00000000 0.00000000 0.00000000
torsoTriangle15 0.00000000 0.00000000 0.00000000 0.00000000
torsoTriangle16 0.00000000 0.00000000 0.00000000 0.00000000
torsoTriangle17 0.00000000 0.00000000 0.00000000 0.00000000
torsoTriangle18 0.00000000 0.00000000 0.00000000 0.00000000
torsoTriangle24 0.00000000 0.00000000 0.00000000 0.00000000
torsoTriangle25 0.00000000 0.00000000 0.00000000 0.00000000
torsoTriangle26 0.00000000 0.00000000 0.00000000 0.00000000
torsoTriangle27 0.00000000 0.00000000 0.00000000 0.00000000
torsoTriangle28 0.00000000 0.00000000 0.00000000 0.00000000
torsoTriangle29 0.00000000 0.00000000 0.00000000 0.00000000
torsoTriangle30 0.00000000 0.00000000 0.00000000 0.00000000
torsoTriangle31 0.00000000 0.00000000 0.00000000 0.00000000

leftArmSkin	 a 	 d 	 alpha 	 offset
leftPlastic -0.05608202 0.00306698 2.34581793 2.13403503
leftUpperPatch 0.00000000 0.00000000 0.00000000 0.00000000
leftLowerPatch 0.00000000 0.00000000 0.00000000 0.00000000
leftTriangle7 0.00000000 0.00000000 0.00000000 0.00000000
leftTriangle8 0.00000000 0.00000000 0.00000000 0.00000000
leftTriangle9 0.00000000 0.00000000 0.00000000 0.00000000
leftTriangle10 0.00000000 0.00000000 0.00000000 0.00000000
leftTriangle11 0.00000000 0.00000000 0.00000000 0.00000000
leftTriangle14 0.00000000 0.00000000 0.00000000 0.00000000
leftTriangle15 0.00000000 0.00000000 0.00000000 0.00000000
leftTriangle0 0.00000000 0.00000000 0.00000000 0.00000000
leftTriangle13 0.00000000 0.00000000 0.00000000 0.00000000
leftTriangle12 0.00000000 0.00000000 0.00000000 0.00000000
leftTriangle1 0.00000000 0.00000000 0.00000000 0.00000000
leftTriangle2 0.00000000 0.00000000 0.00000000 0.00000000
leftTriangle3 0.00000000 0.00000000 0.00000000 0.00000000
leftTriangle4 0.00000000 0.00000000 0.00000000 0.00000000
leftTriangle5 0.00000000 0.00000000 0.00000000 0.00000000
leftTriangle6 0.00000000 0.00000000 0.00000000 0.00000000
leftTriangle19 0.00000000 0.00000000 0.00000000 0.00000000
leftTriangle22 0.00000000 0.00000000 0.00000000 0.00000000
leftTriangle23 0.00000000 0.00000000 0.00000000 0.00000000
leftTriangle25 0.00000000 0.00000000 0.00000000 0.00000000
leftTriangle26 0.00000000 0.00000000 0.00000000 0.00000000
leftTriangle20 0.00000000 0.00000000 0.00000000 0.00000000
leftTriangle21 0.00000000 0.00000000 0.00000000 0.00000000
leftTriangle31 0.00000000 0.00000000 0.00000000 0.00000000

rightArmSkin	 a 	 d 	 alpha 	 offset
rightPlastic 0.00430450 -0.00506625 2.79339926 -1.47058800
rightUpperPatch 0.00000000 0.00000000 0.00000000 0.00000000
rightLowerPatch 0.00000000 0.00000000 0.00000000 0.00000000
rightTriangle7 0.00000000 0.00000000 0.00000000 0.00000000
rightTriangle8 0.00000000 0.00000000 0.00000000 0.00000000
rightTriangle9 0.00000000 0.00000000 0.00000000 0.00000000
rightTriangle10 0.00000000 0.00000000 0.00000000 0.00000000
rightTriangle11 0.00000000 0.00000000 0.00000000 0.00000000
rightTriangle14 0.00000000 0.00000000 0.00000000 0.00000000
rightTriangle15 0.00000000 0.00000000 0.00000000 0.00000000
rightTriangle0 0.00000000 0.00000000 0.00000000 0.00000000
rightTriangle13 0.00000000 0.00000000 0.00000000 0.00000000
rightTriangle12 0.00000000 0.00000000 0.00000000 0.00000000
rightTriangle1 0.00000000 0.00000000 0.00000000 0.00000000
rightTriangle2 0.00000000 0.00000000 0.00000000 0.00000000
rightTriangle3 0.00000000 0.00000000 0.00000000 0.00000000
rightTriangle4 0.00000000 0.00000000 0.00000000 0.00000000
rightTriangle5 0.00000000 0.00000000 0.00000000 0.00000000
rightTriangle6 0.00000000 0.00000000 0.00000000 0.00000000
rightTriangle19 0.00000000 0.00000000 0.00000000 0.00000000
rightTriangle22 0.00000000 0.00000000 0.00000000 0.00000000
rightTriangle23 0.00000000 0.00000000 0.00000000 0.00000000
rightTriangle25 0.00000000 0.00000000 0.00000000 0.00000000
rightTriangle26 0.00000000 0.00000000 0.00000000 0.00000000
rightTriangle20 0.00000000 0.00000000 0.00000000 0.00000000
rightTriangle21 0.00000000 0.00000000 0.00000000 0.00000000
rightTriangle31 0.00000000 0.00000000 0.00000000 0.00000000

headSkin	 a 	 d 	 alpha 	 offset
headPlastic 0.00000000 0.00000000 0.00000000 0.00000000
headLeftPatch 0.00000000 0.00000000 0.00000000 0.00000000
headRightPatch 0.00000000 0.00000000 0.00000000 0.00000000
headTriangle0 0.00000000 0.00000000 0.00000000 0.00000000
headTriangle1 0.00000000 0.00000000 0.00000000 0.00000000
headTriangle2 0.00000000 0.00000000 0.00000000 0.00000000
headTriangle3 0.00000000 0.00000000 0.00000000 0.00000000
headTriangle4 0.00000000 0.00000000 0.00000000 0.00000000
headTriangle5 0.00000000 0.00000000 0.00000000 0.00000000
headTriangle6 0.00000000 0.00000000 0.00000000 0.00000000
headTriangle7 0.00000000 0.00000000 0.00000000 0.00000000
headTriangle8 0.00000000 0.00000000 0.00000000 0.00000000
headTriangle12 0.00000000 0.00000000 0.00000000 0.00000000
headTriangle13 0.00000000 0.00000000 0.00000000 0.00000000
headTriangle15 0.00000000 0.00000000 0.00000000 0.00000000
headTriangle16 0.00000000 0.00000000 0.00000000 0.00000000
headTriangle17 0.00000000 0.00000000 0.00000000 0.00000000
headTriangle18 0.00000000 0.00000000 0.00000000 0.00000000
headTriangle19 0.00000000 0.00000000 0.00000000 0.00000000
headTriangle20 0.00000000 0.00000000 0.00000000 0.00000000
headTriangle21 0.00000000 0.00000000 0.00000000 0.00000000
headTriangle22 0.00000000 0.00000000 0.00000000 0.00000000
headTriangle23 0.00000000 0.00000000 0.00000000 0.00000000
headTriangle24 0.00000000 0.00000000 0.00000000 0.00000000
headTriangle28 0.00000000 0.00000000 0.00000000 0.00000000
headTriangle29 0.00000000 0.00000000 0.00000000 0.00000000
headTriangle31 0.00000000 0.00000000 0.00000000 0.00000000

