0.00000000 0.00000000 0.00000000
0.06012208 0.01665800 -0.00116878
0.05047744 -0.04820401 -0.00116878
0.00000000 0.00000000 0.00000000
-0.00155133 0.01646309 0.00962000
-0.00964727 0.03155000 0.00000000
-0.01927279 0.04386309 0.00962000
-0.01572203 0.04493408 0.02899000
0.00437792 -0.01665800 0.06773000
-0.00447405 0.03234399 0.05804000
0.00126868 0.01635712 0.06773000
0.00372748 0.00002399 0.05804000
0.00366162 0.00002399 0.03868000
0.00061965 0.01655408 0.02899000
-0.00457590 0.03234399 0.03868000
0.00387727 -0.01665800 0.02899000
0.00199864 -0.01665800 0.00962000
0.00000000 0.00000000 0.00000000
0.00809436 0.01508691 0.00962000
0.00964503 0.03155000 0.00000000
0.01337245 0.03152601 0.05804000
0.01091423 0.01519288 0.06773000
0.00517269 -0.00079399 0.05804000
0.00507085 -0.00079399 0.03868000
0.01026525 0.01499592 0.02899000
0.01330659 0.03152601 0.03868000
-0.00607251 -0.01338408 0.02899000
-0.00962247 -0.01231309 0.00962000
0.00055280 -0.00321936 -0.00565776
0.00165878 -0.00966030 -0.00565710
0.00110598 -0.00644094 0.00000066
0.00000000 0.00000000 0.00000000
0.00055310 -0.00322109 0.00565929
0.00000030 -0.00000173 0.01131705
-0.00055280 0.00321936 0.00565776
-0.00110598 0.00644094 -0.00000066
-0.00165864 0.00965947 -0.00565845
-0.00055310 0.00322109 -0.00565929
-0.00093995 0.00312836 -0.00565774
0.00000048 -0.00000161 -0.01131705
0.00094043 -0.00312996 -0.00565931
0.00000000 0.00000000 0.00000000
0.00188052 -0.00625880 -0.00000071
0.00282047 -0.00938715 0.00565702
0.00093995 -0.00312836 0.00565774
-0.00094043 0.00312996 0.00565931
-0.00282020 0.00938627 0.00565852
-0.00188052 0.00625880 0.00000071
0.00185940 -0.00268561 -0.00565776
0.00557948 -0.00805867 -0.00565710
0.00372009 -0.00537307 0.00000066
0.00000000 0.00000000 0.00000000
0.00186040 -0.00268705 0.00565929
0.00000100 -0.00000145 0.01131705
-0.00185940 0.00268561 0.00565776
-0.00372009 0.00537307 -0.00000066
-0.00557901 0.00805798 -0.00565845
-0.00186040 0.00268705 -0.00565929
-0.00269574 0.00184475 -0.00565774
0.00000138 -0.00000095 -0.01131705
0.00269712 -0.00184570 -0.00565931
0.00000000 0.00000000 0.00000000
0.00539327 -0.00369074 -0.00000071
0.00808900 -0.00553549 0.00565702
0.00269574 -0.00184475 0.00565774
-0.00269712 0.00184570 0.00565931
-0.00808824 0.00553497 0.00565852
-0.00539327 0.00369074 0.00000071
-0.00509006 0.00409529 0.00000000
-0.00763548 0.00614325 -0.00566000
-0.00254542 0.00204796 -0.00566000
0.00000000 0.00000000 0.00000000
0.00254542 -0.00204796 -0.00566000
0.00763548 -0.00614325 -0.00566000
0.00509006 -0.00409529 0.00000000
0.00254542 -0.00204796 0.00566000
0.00000000 0.00000000 0.01131700
-0.00254542 0.00204796 0.00566000
0.00000000 0.00326651 0.00565774
0.00000000 0.00980172 0.00565702
0.00000000 0.00653520 -0.00000071
0.00000000 0.00000000 0.00000000
0.00000000 0.00326819 -0.00565931
0.00000000 0.00000168 -0.01131705
0.00000000 -0.00326651 -0.00565774
0.00000000 -0.00653520 0.00000071
0.00000000 -0.00980080 0.00565852
0.00000000 -0.00326819 0.00565931
-0.00305186 0.00577635 0.00000000
-0.00457802 0.00866497 -0.00566000
-0.00152616 0.00288862 -0.00566000
0.00000000 0.00000000 0.00000000
0.00152616 -0.00288862 -0.00566000
0.00457802 -0.00866497 -0.00566000
0.00305186 -0.00577635 0.00000000
0.00152616 -0.00288862 0.00566000
0.00000000 0.00000000 0.01131700
-0.00152616 0.00288862 0.00566000
-0.00073583 0.00318256 0.00565774
-0.00220799 0.00954979 0.00565702
-0.00147216 0.00636723 -0.00000071
0.00000000 0.00000000 0.00000000
-0.00073621 0.00318419 -0.00565931
-0.00000038 0.00000163 -0.01131705
0.00073583 -0.00318256 -0.00565774
0.00147216 -0.00636723 0.00000071
0.00220778 -0.00954889 0.00565852
0.00073621 -0.00318419 0.00565931
0.00027732 -0.00325468 0.00565776
-0.00000015 0.00000175 0.01131705
-0.00027747 0.00325643 0.00565929
0.00000000 0.00000000 0.00000000
-0.00055484 0.00651161 0.00000066
-0.00083216 0.00976629 -0.00565710
-0.00027732 0.00325468 -0.00565776
0.00027747 -0.00325643 -0.00565929
0.00083209 -0.00976545 -0.00565845
0.00055484 -0.00651161 -0.00000066
0.00057707 -0.00650746 0.00000005
0.00086564 -0.00976165 0.00566007
0.00028857 -0.00325419 0.00566002
0.00000000 0.00000000 0.00000000
-0.00028858 0.00325427 0.00565998
-0.00086565 0.00976173 0.00565993
-0.00057707 0.00650746 -0.00000005
-0.00028857 0.00325419 -0.00566002
0.00000001 -0.00000008 -0.01131700
0.00028858 -0.00325427 -0.00565998
-0.00160779 0.00633207 0.00000000
-0.00241180 0.00949859 -0.00566000
-0.00080402 0.00316652 -0.00566000
0.00000000 0.00000000 0.00000000
0.00080402 -0.00316652 -0.00566000
0.00241180 -0.00949859 -0.00566000
0.00160779 -0.00633207 0.00000000
0.00080402 -0.00316652 0.00566000
0.00000000 0.00000000 0.01131700
-0.00080402 0.00316652 0.00566000
-0.00153816 0.00288170 -0.00565774
0.00000079 -0.00000148 -0.01131705
0.00153895 -0.00288318 -0.00565931
0.00000000 0.00000000 0.00000000
0.00307734 -0.00576532 -0.00000071
0.00461550 -0.00864701 0.00565702
0.00153816 -0.00288170 0.00565774
-0.00153895 0.00288318 0.00565931
-0.00461506 0.00864620 0.00565852
-0.00307734 0.00576532 0.00000071
0.00021792 -0.00325919 0.00565776
-0.00000012 0.00000176 0.01131705
-0.00021804 0.00326095 0.00565929
0.00000000 0.00000000 0.00000000
-0.00043600 0.00652064 0.00000066
-0.00065392 0.00977984 -0.00565710
-0.00021792 0.00325919 -0.00565776
0.00021804 -0.00326095 -0.00565929
0.00065387 -0.00977900 -0.00565845
0.00043600 -0.00652064 -0.00000066
0.00078193 -0.00648604 0.00000005
0.00117295 -0.00972951 0.00566007
0.00039102 -0.00324347 0.00566002
0.00000000 0.00000000 0.00000000
-0.00039103 0.00324356 0.00565998
-0.00117296 0.00972959 0.00565993
-0.00078193 0.00648604 -0.00000005
-0.00039102 0.00324347 -0.00566002
0.00000001 -0.00000008 -0.01131700
0.00039103 -0.00324356 -0.00565998
-0.00185911 -0.00268581 -0.00565776
-0.00557862 -0.00805927 -0.00565710
-0.00371951 -0.00537347 0.00000066
0.00000000 0.00000000 0.00000000
-0.00186011 -0.00268725 0.00565929
-0.00000100 -0.00000145 0.01131705
0.00185911 0.00268581 0.00565776
0.00371951 0.00537347 -0.00000066
0.00557814 0.00805858 -0.00565845
0.00186011 0.00268725 -0.00565929
0.00093979 0.00312840 -0.00565774
-0.00000048 -0.00000161 -0.01131705
-0.00094027 -0.00313001 -0.00565931
0.00000000 0.00000000 0.00000000
-0.00188021 -0.00625889 -0.00000071
-0.00282000 -0.00938729 0.00565702
-0.00093979 -0.00312840 0.00565774
0.00094027 0.00313001 0.00565931
0.00281973 0.00938641 0.00565852
0.00188021 0.00625889 0.00000071
-0.00055274 -0.00321937 -0.00565776
-0.00165860 -0.00966033 -0.00565710
-0.00110586 -0.00644096 0.00000066
0.00000000 0.00000000 0.00000000
-0.00055304 -0.00322110 0.00565929
-0.00000030 -0.00000173 0.01131705
0.00055274 0.00321937 0.00565776
0.00110586 0.00644096 -0.00000066
0.00165846 0.00965950 -0.00565845
0.00055304 0.00322110 -0.00565929
0.00055448 0.00650943 0.00000000
0.00083176 0.00976464 -0.00566000
0.00027728 0.00325521 -0.00566000
0.00000000 0.00000000 0.00000000
-0.00027728 -0.00325521 -0.00566000
-0.00083176 -0.00976464 -0.00566000
-0.00055448 -0.00650943 0.00000000
-0.00027728 -0.00325521 0.00566000
0.00000000 0.00000000 0.01131700
0.00027728 0.00325521 0.00566000
0.00073569 0.00318259 0.00565774
0.00220755 0.00954989 0.00565702
0.00147186 0.00636730 -0.00000071
0.00000000 0.00000000 0.00000000
0.00073606 0.00318422 -0.00565931
0.00000038 0.00000163 -0.01131705
-0.00073569 -0.00318259 -0.00565774
-0.00147186 -0.00636730 0.00000071
-0.00220734 -0.00954899 0.00565852
-0.00073606 -0.00318422 0.00565931
-0.00152566 -0.00288829 0.00565776
0.00000082 0.00000156 0.01131705
0.00152648 0.00288984 0.00565929
0.00000000 0.00000000 0.00000000
0.00305238 0.00577857 0.00000066
0.00457804 0.00866685 -0.00565710
0.00152566 0.00288829 -0.00565776
-0.00152648 -0.00288984 -0.00565929
-0.00457765 -0.00866611 -0.00565845
-0.00305238 -0.00577857 -0.00000066
-0.00307579 -0.00576365 0.00000005
-0.00461390 -0.00864587 0.00566007
-0.00153811 -0.00288223 0.00566002
0.00000000 0.00000000 0.00000000
0.00153815 0.00288230 0.00565998
0.00461394 0.00864595 0.00565993
0.00307579 0.00576365 -0.00000005
0.00153811 0.00288223 -0.00566002
-0.00000004 -0.00000007 -0.01131700
-0.00153815 -0.00288230 -0.00565998
0.00160749 0.00633215 0.00000000
0.00241136 0.00949870 -0.00566000
0.00080387 0.00316656 -0.00566000
0.00000000 0.00000000 0.00000000
-0.00080387 -0.00316656 -0.00566000
-0.00241136 -0.00949870 -0.00566000
-0.00160749 -0.00633215 0.00000000
-0.00080387 -0.00316656 0.00566000
0.00000000 0.00000000 0.01131700
0.00080387 0.00316656 0.00566000
0.00028845 0.00325375 -0.00565774
-0.00000015 -0.00000167 -0.01131705
-0.00028860 -0.00325542 -0.00565931
0.00000000 0.00000000 0.00000000
-0.00057710 -0.00650967 -0.00000071
-0.00086555 -0.00976343 0.00565702
-0.00028845 -0.00325375 0.00565774
0.00028860 0.00325542 0.00565931
0.00086547 0.00976251 0.00565852
0.00057710 0.00650967 0.00000071
-0.00254470 -0.00204801 0.00565776
0.00000137 0.00000110 0.01131705
0.00254607 0.00204911 0.00565929
0.00000000 0.00000000 0.00000000
0.00509116 0.00409744 0.00000066
0.00763585 0.00614545 -0.00565710
0.00254470 0.00204801 -0.00565776
-0.00254607 -0.00204911 -0.00565929
-0.00763520 -0.00614493 -0.00565845
-0.00509116 -0.00409744 -0.00000066
-0.00539084 -0.00369038 0.00000005
-0.00808664 -0.00553583 0.00566007
-0.00269580 -0.00184545 0.00566002
0.00000000 0.00000000 0.00000000
0.00269587 0.00184550 0.00565998
0.00808671 0.00553588 0.00565993
0.00539084 0.00369038 -0.00000005
0.00269580 0.00184545 -0.00566002
-0.00000007 -0.00000005 -0.01131700
-0.00269587 -0.00184550 -0.00565998
