0.00000000 0.00000000 0.00000000
-0.00183474 0.01633336 -0.04829567
-0.01154464 -0.04886869 -0.04817330
0.00000000 0.00000000 0.00000000
-0.00206209 0.01668854 0.00985834
-0.00938424 0.03168960 0.00021332
-0.01966394 0.04411881 0.01019389
-0.01768312 0.04499801 0.02935350
0.00076863 -0.01672672 0.06730305
-0.00777685 0.03218516 0.05765700
-0.00261068 0.01657074 0.06758894
0.00046832 -0.00005972 0.05781219
0.00133951 0.00024805 0.03862952
-0.00123124 0.01728368 0.02893845
-0.00696027 0.03238408 0.03857710
0.00244614 -0.01641050 0.02897211
0.00169938 -0.01658357 0.00984989
0.00000000 0.00000000 0.00000000
0.00776880 0.01469890 0.00960741
0.01001190 0.03130200 0.00013045
0.01047976 0.03105597 0.05758560
0.00757662 0.01468840 0.06739188
0.00230080 -0.00110205 0.05762970
0.00305705 -0.00105659 0.03853463
0.00889932 0.01438027 0.02875099
0.01145656 0.03080874 0.03839259
-0.00813231 -0.01369329 0.02927733
-0.01050372 -0.01221623 0.01010732
0.00022646 -0.00330592 -0.00569136
0.00057806 -0.00980395 -0.00566302
0.00073373 -0.00649161 -0.00001082
0.00000000 0.00000000 0.00000000
0.00082921 -0.00326065 0.00549965
0.00093218 0.00006688 0.01118393
0.00018968 0.00324638 0.00558611
-0.00074521 0.00637716 -0.00002214
-0.00163072 0.00956482 -0.00557686
-0.00052916 0.00324388 -0.00565112
-0.00131776 0.00303759 -0.00560579
-0.00097133 -0.00024018 -0.01138942
0.00038836 -0.00332163 -0.00576633
0.00000000 0.00000000 0.00000000
0.00149151 -0.00643976 -0.00007251
0.00224059 -0.00959372 0.00553694
0.00116045 -0.00307196 0.00553754
-0.00051441 0.00317337 0.00554917
-0.00278323 0.00928075 0.00564910
-0.00195927 0.00616898 -0.00005844
0.00135178 -0.00307843 -0.00575963
0.00407583 -0.00896537 -0.00578753
0.00334329 -0.00570445 -0.00021243
0.00000000 0.00000000 0.00000000
0.00229182 -0.00256366 0.00546553
0.00106703 0.00042533 0.01104955
-0.00124625 0.00286775 0.00548607
-0.00390306 0.00516394 -0.00003769
-0.00672117 0.00707253 -0.00552705
-0.00244024 0.00237844 -0.00571254
-0.00343740 0.00139510 -0.00537919
-0.00136224 -0.00082294 -0.01117589
0.00192560 -0.00217313 -0.00565131
0.00000000 0.00000000 0.00000000
0.00498059 -0.00412036 -0.00032674
0.00773636 -0.00624313 0.00526223
0.00320402 -0.00155301 0.00542826
-0.00203685 0.00232668 0.00570447
-0.00770173 0.00542310 0.00627365
-0.00556785 0.00347077 0.00047524
-0.00508710 0.00385455 0.00038647
-0.00872470 0.00512691 -0.00517239
-0.00299889 0.00189429 -0.00543331
0.00000000 0.00000000 0.00000000
0.00197751 -0.00217859 -0.00581635
0.00649722 -0.00682114 -0.00610434
0.00486313 -0.00427225 -0.00032501
0.00293747 -0.00199581 0.00538764
0.00069868 -0.00015976 0.01118371
-0.00203009 0.00205802 0.00576235
-0.00023955 0.00319255 0.00564123
-0.00055810 0.00975816 0.00565449
-0.00016212 0.00652821 0.00006349
0.00000000 0.00000000 0.00000000
0.00024582 0.00328227 -0.00561351
0.00048476 0.00009664 -0.01126293
0.00029733 -0.00320974 -0.00558994
0.00000009 -0.00650091 -0.00003453
-0.00039068 -0.00982906 0.00551946
-0.00019301 -0.00327633 0.00557051
-0.00337678 0.00548417 -0.00005655
-0.00516843 0.00806838 -0.00571594
-0.00130131 0.00277850 -0.00562358
0.00000000 0.00000000 0.00000000
0.00171733 -0.00285165 -0.00549092
0.00414481 -0.00898052 -0.00540339
0.00282163 -0.00590584 0.00021075
0.00120381 -0.00305718 0.00574801
-0.00067159 -0.00020292 0.01139420
-0.00188997 0.00267086 0.00566708
-0.00101648 0.00297256 0.00561482
-0.00317612 0.00907928 0.00566712
-0.00167164 0.00604992 -0.00000592
0.00000000 0.00000000 0.00000000
-0.00043790 0.00314994 -0.00565065
0.00057910 0.00005667 -0.01129680
0.00109559 -0.00315884 -0.00561270
0.00135567 -0.00646419 -0.00004101
0.00156814 -0.00985595 0.00555158
0.00046349 -0.00341090 0.00561023
0.00001985 -0.00329319 0.00552930
-0.00057068 -0.00012652 0.01116781
-0.00053794 0.00317899 0.00556978
0.00000000 0.00000000 0.00000000
-0.00058860 0.00653110 0.00001406
-0.00084487 0.00992138 -0.00566970
0.00000063 0.00343661 -0.00572339
0.00056072 -0.00319946 -0.00580351
0.00095088 -0.00962759 -0.00587810
0.00049183 -0.00642096 -0.00016856
0.00053021 -0.00646906 -0.00015900
0.00045959 -0.00976819 0.00554965
0.00012701 -0.00325011 0.00556548
0.00000000 0.00000000 0.00000000
-0.00045854 0.00323485 0.00563040
-0.00139251 0.00968875 0.00566437
-0.00068736 0.00637339 -0.00006725
-0.00003523 0.00318266 -0.00569258
0.00017051 -0.00000964 -0.01138458
0.00053668 -0.00330496 -0.00566729
-0.00164168 0.00582008 0.00003060
-0.00296064 0.00876401 -0.00558392
-0.00075659 0.00260369 -0.00560301
0.00000000 0.00000000 0.00000000
0.00077376 -0.00359284 -0.00554537
0.00191755 -0.01004854 -0.00567742
0.00165562 -0.00680756 0.00005321
0.00091910 -0.00362696 0.00560196
0.00008698 -0.00051667 0.01124698
-0.00066701 0.00272677 0.00564597
-0.00147011 0.00273007 -0.00567533
-0.00006446 -0.00013788 -0.01127959
0.00159077 -0.00290601 -0.00554053
0.00000000 0.00000000 0.00000000
0.00279081 -0.00585358 0.00006808
0.00373658 -0.00910741 0.00569316
0.00127783 -0.00295035 0.00569563
-0.00176243 0.00271644 0.00567087
-0.00563097 0.00796217 0.00558033
-0.00340213 0.00557221 0.00000394
0.00000550 -0.00313790 0.00565550
-0.00021850 0.00004981 0.01130226
-0.00007639 0.00333078 0.00556696
0.00000000 0.00000000 0.00000000
-0.00007225 0.00649488 -0.00001392
-0.00039341 0.00968538 -0.00567872
-0.00016471 0.00318961 -0.00570062
-0.00009790 -0.00330002 -0.00563972
-0.00029287 -0.00991364 -0.00557575
0.00001094 -0.00654295 0.00007063
0.00000379 -0.00644771 0.00001590
0.00011267 -0.00968700 0.00564830
0.00030442 -0.00317791 0.00557767
0.00000000 0.00000000 0.00000000
0.00022564 0.00330887 0.00547903
-0.00015877 0.00983761 0.00549000
-0.00020708 0.00650309 -0.00014497
-0.00045586 0.00316530 -0.00578774
-0.00093076 -0.00008317 -0.01138741
-0.00037831 -0.00330788 -0.00568018
-0.00245736 -0.00222143 -0.00576242
-0.00738592 -0.00673481 -0.00557573
-0.00406964 -0.00500399 -0.00003469
0.00000000 0.00000000 0.00000000
-0.00140915 -0.00307310 0.00546244
0.00102297 -0.00076436 0.01107102
0.00226609 0.00227522 0.00547036
0.00337326 0.00541962 -0.00015132
0.00424443 0.00864066 -0.00581176
0.00120076 0.00310444 -0.00575752
0.00028779 0.00332640 -0.00560216
-0.00109491 0.00035385 -0.01129757
-0.00136914 -0.00293632 -0.00565588
0.00000000 0.00000000 0.00000000
-0.00202662 -0.00621089 -0.00002197
-0.00281875 -0.00928986 0.00559132
-0.00045286 -0.00327286 0.00561349
0.00120972 0.00302215 0.00562910
0.00238644 0.00955163 0.00572430
0.00143194 0.00637445 0.00002278
-0.00074914 -0.00296128 -0.00570361
-0.00188459 -0.00953712 -0.00575865
-0.00076086 -0.00649155 -0.00014871
0.00000000 0.00000000 0.00000000
0.00009758 -0.00334761 0.00546998
0.00077577 -0.00021865 0.01116882
0.00082634 0.00306741 0.00549575
0.00050568 0.00653463 0.00000786
0.00027385 0.00988419 -0.00554131
-0.00016105 0.00332382 -0.00572200
0.00045255 0.00643614 -0.00004521
0.00088573 0.00962099 -0.00574405
0.00062845 0.00308458 -0.00556366
0.00000000 0.00000000 0.00000000
0.00014686 -0.00333876 -0.00558506
-0.00067598 -0.00982762 -0.00551391
-0.00057744 -0.00650380 -0.00001040
-0.00047112 -0.00323566 0.00563447
-0.00058373 0.00010707 0.01131908
0.00001350 0.00327055 0.00569325
0.00039174 0.00326079 0.00559939
0.00140832 0.00969540 0.00558275
0.00131314 0.00634867 -0.00004152
0.00000000 0.00000000 0.00000000
0.00105363 0.00303566 -0.00557006
0.00062062 -0.00014622 -0.01124004
-0.00039347 -0.00325487 -0.00563045
-0.00165174 -0.00634135 -0.00006160
-0.00318377 -0.00940332 0.00563836
-0.00102920 -0.00312462 0.00559605
-0.00190745 -0.00281032 0.00560270
-0.00063815 0.00004792 0.01128584
0.00126411 0.00282930 0.00563079
0.00000000 0.00000000 0.00000000
0.00285780 0.00575812 0.00009999
0.00425627 0.00882188 -0.00559991
0.00172373 0.00283683 -0.00556409
-0.00146598 -0.00289751 -0.00571551
-0.00541309 -0.00810650 -0.00581678
-0.00354289 -0.00558125 -0.00011814
-0.00361699 -0.00570496 -0.00018106
-0.00593838 -0.00811330 0.00550043
-0.00191933 -0.00298802 0.00545759
0.00000000 0.00000000 0.00000000
0.00132274 0.00259297 0.00554591
0.00379517 0.00873245 0.00570440
0.00281104 0.00559092 -0.00011159
0.00137543 0.00261550 -0.00573985
-0.00040057 0.00001865 -0.01149001
-0.00179833 -0.00299745 -0.00575791
0.00139284 0.00632808 0.00008899
0.00171303 0.00957025 -0.00556024
0.00048703 0.00314732 -0.00557302
0.00000000 0.00000000 0.00000000
-0.00115270 -0.00309428 -0.00563804
-0.00324573 -0.00924752 -0.00554765
-0.00177647 -0.00628381 0.00009825
-0.00070667 -0.00322412 0.00572633
-0.00005247 -0.00005154 0.01141200
0.00086226 0.00316018 0.00564748
0.00037537 0.00319147 -0.00561051
-0.00005101 -0.00001155 -0.01123108
-0.00015187 -0.00325863 -0.00549102
0.00000000 0.00000000 0.00000000
-0.00063948 -0.00652121 -0.00001809
-0.00136619 -0.00968415 0.00571310
-0.00044608 -0.00320622 0.00570205
0.00003764 0.00330081 0.00565382
0.00022878 0.00983890 0.00565040
0.00037743 0.00647874 -0.00001013
-0.00197798 -0.00223063 0.00576204
0.00066884 -0.00001572 0.01111636
0.00289942 0.00195922 0.00531456
0.00000000 0.00000000 0.00000000
0.00480548 0.00434486 -0.00033213
0.00641057 0.00684829 -0.00620602
0.00186592 0.00238809 -0.00577163
-0.00287687 -0.00184085 -0.00539748
-0.00891865 -0.00489410 -0.00519722
-0.00532558 -0.00380781 0.00022271
-0.00549804 -0.00333053 0.00049620
-0.00763979 -0.00538508 0.00622716
-0.00199980 -0.00240494 0.00573512
0.00000000 0.00000000 0.00000000
0.00340769 0.00127338 0.00533596
0.00796773 0.00589517 0.00517190
0.00508498 0.00380081 -0.00022224
0.00173483 0.00233288 -0.00572474
-0.00178849 0.00106913 -0.01113267
-0.00368433 -0.00120813 -0.00530401
