leftArm	 a 	 d 	 alpha 	 offset
leftShoulderPitch 0.00000000 0.10000000 -1.57079633 0.00000000
leftShoulderRoll 0.00000000 0.09800000 1.57079633 0.00000000
leftElbowYaw 0.00000000 0.00000000 1.57079633 1.57079633
leftElbowRoll 0.00000000 0.10500000 -1.57079633 0.00000000
leftWristYaw 0.00000000 0.00000000 1.57079633 0.00000000
leftEE 0.00000000 0.00000000 -1.57079633 3.14159265

rightArm	 a 	 d 	 alpha 	 offset
rightShoulderPitch 0.00000000 0.10000000 -1.57079633 0.00000000
rightShoulderRoll 0.00000000 -0.09800000 1.57079633 0.00000000
rightElbowYaw 0.00000000 0.00000000 1.57079633 1.57079633
rightElbowRoll 0.00000000 0.10500000 -1.57079633 0.00000000
rightWristYaw 0.00000000 0.00000000 1.57079633 0.00000000
rightEE 0.00000000 0.00000000 -1.57079633 3.14159265

head	 a 	 d 	 alpha 	 offset
headYaw 0.00000000 0.12650000 0.00000000 0.00000000
headPitch 0.00000000 0.00000000 -1.57079633 0.00000000
headEE 0.00000000 0.00000000 0.00000000 0.00000000

torsoSkin	 a 	 d 	 alpha 	 offset
torsoPlastic 0.00000000 0.00000000 0.00000000 0.00000000
torsoLeftPatch 0.00000000 0.00000000 0.00000000 0.00000000
torsoRightPatch 0.00000000 0.00000000 0.00000000 0.00000000
torsoTriangle0 0.00000000 0.00000000 0.00000000 0.00000000
torsoTriangle1 0.00000000 0.00000000 0.00000000 0.00000000
torsoTriangle2 0.00000000 0.00000000 0.00000000 0.00000000
torsoTriangle3 0.00000000 0.00000000 0.00000000 0.00000000
torsoTriangle4 0.00000000 0.00000000 0.00000000 0.00000000
torsoTriangle5 0.00000000 0.00000000 0.00000000 0.00000000
torsoTriangle8 0.00000000 0.00000000 0.00000000 0.00000000
torsoTriangle9 0.00000000 0.00000000 0.00000000 0.00000000
torsoTriangle10 0.00000000 0.00000000 0.00000000 0.00000000
torsoTriangle11 0.00000000 0.00000000 0.00000000 0.00000000
torsoTriangle12 0.00000000 0.00000000 0.00000000 0.00000000
torsoTriangle13 0.00000000 0.00000000 0.00000000 0.00000000
torsoTriangle14 0.00000000 0.00000000 0.00000000 0.00000000
torsoTriangle15 0.00000000 0.00000000 0.00000000 0.00000000
torsoTriangle16 0.00000000 0.00000000 0.00000000 0.00000000
torsoTriangle17 0.00000000 0.00000000 0.00000000 0.00000000
torsoTriangle18 0.00000000 0.00000000 0.00000000 0.00000000
torsoTriangle24 0.00000000 0.00000000 0.00000000 0.00000000
torsoTriangle25 0.00000000 0.00000000 0.00000000 0.00000000
torsoTriangle26 0.00000000 0.00000000 0.00000000 0.00000000
torsoTriangle27 0.00000000 0.00000000 0.00000000 0.00000000
torsoTriangle28 0.00000000 0.00000000 0.00000000 0.00000000
torsoTriangle29 0.00000000 0.00000000 0.00000000 0.00000000
torsoTriangle30 0.00000000 0.00000000 0.00000000 0.00000000
torsoTriangle31 0.00000000 0.00000000 0.00000000 0.00000000
torsoTaxel0_0 0.00000000 0.00000000 0.00000000 0.00000000
torsoTaxel0_1 0.00000000 0.00000000 0.00000000 0.00000000
torsoTaxel0_2 0.00000000 0.00000000 0.00000000 0.00000000
torsoTaxel0_3 0.00000000 0.00000000 0.00000000 0.00000000
torsoTaxel0_4 0.00000000 0.00000000 0.00000000 0.00000000
torsoTaxel0_5 0.00000000 0.00000000 0.00000000 0.00000000
torsoTaxel0_7 0.00000000 0.00000000 0.00000000 0.00000000
torsoTaxel0_8 0.00000000 0.00000000 0.00000000 0.00000000
torsoTaxel0_9 0.00000000 0.00000000 0.00000000 0.00000000
torsoTaxel0_11 0.00000000 0.00000000 0.00000000 0.00000000
torsoTaxel1_0 0.00000000 0.00000000 0.00000000 0.00000000
torsoTaxel1_1 0.00000000 0.00000000 0.00000000 0.00000000
torsoTaxel1_2 0.00000000 0.00000000 0.00000000 0.00000000
torsoTaxel1_3 0.00000000 0.00000000 0.00000000 0.00000000
torsoTaxel1_4 0.00000000 0.00000000 0.00000000 0.00000000
torsoTaxel1_5 0.00000000 0.00000000 0.00000000 0.00000000
torsoTaxel1_7 0.00000000 0.00000000 0.00000000 0.00000000
torsoTaxel1_8 0.00000000 0.00000000 0.00000000 0.00000000
torsoTaxel1_9 0.00000000 0.00000000 0.00000000 0.00000000
torsoTaxel1_11 0.00000000 0.00000000 0.00000000 0.00000000
torsoTaxel2_0 0.00000000 0.00000000 0.00000000 0.00000000
torsoTaxel2_1 0.00000000 0.00000000 0.00000000 0.00000000
torsoTaxel2_2 0.00000000 0.00000000 0.00000000 0.00000000
torsoTaxel2_3 0.00000000 0.00000000 0.00000000 0.00000000
torsoTaxel2_4 0.00000000 0.00000000 0.00000000 0.00000000
torsoTaxel2_5 0.00000000 0.00000000 0.00000000 0.00000000
torsoTaxel2_7 0.00000000 0.00000000 0.00000000 0.00000000
torsoTaxel2_8 0.00000000 0.00000000 0.00000000 0.00000000
torsoTaxel2_9 0.00000000 0.00000000 0.00000000 0.00000000
torsoTaxel2_11 0.00000000 0.00000000 0.00000000 0.00000000
torsoTaxel3_0 0.00000000 0.00000000 0.00000000 0.00000000
torsoTaxel3_1 0.00000000 0.00000000 0.00000000 0.00000000
torsoTaxel3_2 0.00000000 0.00000000 0.00000000 0.00000000
torsoTaxel3_3 0.00000000 0.00000000 0.00000000 0.00000000
torsoTaxel3_4 0.00000000 0.00000000 0.00000000 0.00000000
torsoTaxel3_5 0.00000000 0.00000000 0.00000000 0.00000000
torsoTaxel3_7 0.00000000 0.00000000 0.00000000 0.00000000
torsoTaxel3_8 0.00000000 0.00000000 0.00000000 0.00000000
torsoTaxel3_9 0.00000000 0.00000000 0.00000000 0.00000000
torsoTaxel3_11 0.00000000 0.00000000 0.00000000 0.00000000
torsoTaxel4_0 0.00000000 0.00000000 0.00000000 0.00000000
torsoTaxel4_1 0.00000000 0.00000000 0.00000000 0.00000000
torsoTaxel4_2 0.00000000 0.00000000 0.00000000 0.00000000
torsoTaxel4_3 0.00000000 0.00000000 0.00000000 0.00000000
torsoTaxel4_4 0.00000000 0.00000000 0.00000000 0.00000000
torsoTaxel4_5 0.00000000 0.00000000 0.00000000 0.00000000
torsoTaxel4_7 0.00000000 0.00000000 0.00000000 0.00000000
torsoTaxel4_8 0.00000000 0.00000000 0.00000000 0.00000000
torsoTaxel4_9 0.00000000 0.00000000 0.00000000 0.00000000
torsoTaxel4_11 0.00000000 0.00000000 0.00000000 0.00000000
torsoTaxel5_0 0.00000000 0.00000000 0.00000000 0.00000000
torsoTaxel5_1 0.00000000 0.00000000 0.00000000 0.00000000
torsoTaxel5_2 0.00000000 0.00000000 0.00000000 0.00000000
torsoTaxel5_3 0.00000000 0.00000000 0.00000000 0.00000000
torsoTaxel5_4 0.00000000 0.00000000 0.00000000 0.00000000
torsoTaxel5_5 0.00000000 0.00000000 0.00000000 0.00000000
torsoTaxel5_7 0.00000000 0.00000000 0.00000000 0.00000000
torsoTaxel5_8 0.00000000 0.00000000 0.00000000 0.00000000
torsoTaxel5_9 0.00000000 0.00000000 0.00000000 0.00000000
torsoTaxel5_11 0.00000000 0.00000000 0.00000000 0.00000000
torsoTaxel8_0 0.00000000 0.00000000 0.00000000 0.00000000
torsoTaxel8_1 0.00000000 0.00000000 0.00000000 0.00000000
torsoTaxel8_2 0.00000000 0.00000000 0.00000000 0.00000000
torsoTaxel8_3 0.00000000 0.00000000 0.00000000 0.00000000
torsoTaxel8_4 0.00000000 0.00000000 0.00000000 0.00000000
torsoTaxel8_5 0.00000000 0.00000000 0.00000000 0.00000000
torsoTaxel8_7 0.00000000 0.00000000 0.00000000 0.00000000
torsoTaxel8_8 0.00000000 0.00000000 0.00000000 0.00000000
torsoTaxel8_9 0.00000000 0.00000000 0.00000000 0.00000000
torsoTaxel8_11 0.00000000 0.00000000 0.00000000 0.00000000
torsoTaxel9_0 0.00000000 0.00000000 0.00000000 0.00000000
torsoTaxel9_1 0.00000000 0.00000000 0.00000000 0.00000000
torsoTaxel9_2 0.00000000 0.00000000 0.00000000 0.00000000
torsoTaxel9_3 0.00000000 0.00000000 0.00000000 0.00000000
torsoTaxel9_4 0.00000000 0.00000000 0.00000000 0.00000000
torsoTaxel9_5 0.00000000 0.00000000 0.00000000 0.00000000
torsoTaxel9_7 0.00000000 0.00000000 0.00000000 0.00000000
torsoTaxel9_8 0.00000000 0.00000000 0.00000000 0.00000000
torsoTaxel9_9 0.00000000 0.00000000 0.00000000 0.00000000
torsoTaxel9_11 0.00000000 0.00000000 0.00000000 0.00000000
torsoTaxel10_0 0.00000000 0.00000000 0.00000000 0.00000000
torsoTaxel10_1 0.00000000 0.00000000 0.00000000 0.00000000
torsoTaxel10_2 0.00000000 0.00000000 0.00000000 0.00000000
torsoTaxel10_3 0.00000000 0.00000000 0.00000000 0.00000000
torsoTaxel10_4 0.00000000 0.00000000 0.00000000 0.00000000
torsoTaxel10_5 0.00000000 0.00000000 0.00000000 0.00000000
torsoTaxel10_7 0.00000000 0.00000000 0.00000000 0.00000000
torsoTaxel10_8 0.00000000 0.00000000 0.00000000 0.00000000
torsoTaxel10_9 0.00000000 0.00000000 0.00000000 0.00000000
torsoTaxel10_11 0.00000000 0.00000000 0.00000000 0.00000000
torsoTaxel11_0 0.00000000 0.00000000 0.00000000 0.00000000
torsoTaxel11_1 0.00000000 0.00000000 0.00000000 0.00000000
torsoTaxel11_2 0.00000000 0.00000000 0.00000000 0.00000000
torsoTaxel11_3 0.00000000 0.00000000 0.00000000 0.00000000
torsoTaxel11_4 0.00000000 0.00000000 0.00000000 0.00000000
torsoTaxel11_5 0.00000000 0.00000000 0.00000000 0.00000000
torsoTaxel11_7 0.00000000 0.00000000 0.00000000 0.00000000
torsoTaxel11_8 0.00000000 0.00000000 0.00000000 0.00000000
torsoTaxel11_9 0.00000000 0.00000000 0.00000000 0.00000000
torsoTaxel11_11 0.00000000 0.00000000 0.00000000 0.00000000
torsoTaxel12_0 0.00000000 0.00000000 0.00000000 0.00000000
torsoTaxel12_1 0.00000000 0.00000000 0.00000000 0.00000000
torsoTaxel12_2 0.00000000 0.00000000 0.00000000 0.00000000
torsoTaxel12_3 0.00000000 0.00000000 0.00000000 0.00000000
torsoTaxel12_4 0.00000000 0.00000000 0.00000000 0.00000000
torsoTaxel12_5 0.00000000 0.00000000 0.00000000 0.00000000
torsoTaxel12_7 0.00000000 0.00000000 0.00000000 0.00000000
torsoTaxel12_8 0.00000000 0.00000000 0.00000000 0.00000000
torsoTaxel12_9 0.00000000 0.00000000 0.00000000 0.00000000
torsoTaxel12_11 0.00000000 0.00000000 0.00000000 0.00000000
torsoTaxel13_0 0.00000000 0.00000000 0.00000000 0.00000000
torsoTaxel13_1 0.00000000 0.00000000 0.00000000 0.00000000
torsoTaxel13_2 0.00000000 0.00000000 0.00000000 0.00000000
torsoTaxel13_3 0.00000000 0.00000000 0.00000000 0.00000000
torsoTaxel13_4 0.00000000 0.00000000 0.00000000 0.00000000
torsoTaxel13_5 0.00000000 0.00000000 0.00000000 0.00000000
torsoTaxel13_7 0.00000000 0.00000000 0.00000000 0.00000000
torsoTaxel13_8 0.00000000 0.00000000 0.00000000 0.00000000
torsoTaxel13_9 0.00000000 0.00000000 0.00000000 0.00000000
torsoTaxel13_11 0.00000000 0.00000000 0.00000000 0.00000000
torsoTaxel14_0 0.00000000 0.00000000 0.00000000 0.00000000
torsoTaxel14_1 0.00000000 0.00000000 0.00000000 0.00000000
torsoTaxel14_2 0.00000000 0.00000000 0.00000000 0.00000000
torsoTaxel14_3 0.00000000 0.00000000 0.00000000 0.00000000
torsoTaxel14_4 0.00000000 0.00000000 0.00000000 0.00000000
torsoTaxel14_5 0.00000000 0.00000000 0.00000000 0.00000000
torsoTaxel14_7 0.00000000 0.00000000 0.00000000 0.00000000
torsoTaxel14_8 0.00000000 0.00000000 0.00000000 0.00000000
torsoTaxel14_9 0.00000000 0.00000000 0.00000000 0.00000000
torsoTaxel14_11 0.00000000 0.00000000 0.00000000 0.00000000
torsoTaxel15_0 0.00000000 0.00000000 0.00000000 0.00000000
torsoTaxel15_1 0.00000000 0.00000000 0.00000000 0.00000000
torsoTaxel15_2 0.00000000 0.00000000 0.00000000 0.00000000
torsoTaxel15_3 0.00000000 0.00000000 0.00000000 0.00000000
torsoTaxel15_4 0.00000000 0.00000000 0.00000000 0.00000000
torsoTaxel15_5 0.00000000 0.00000000 0.00000000 0.00000000
torsoTaxel15_7 0.00000000 0.00000000 0.00000000 0.00000000
torsoTaxel15_8 0.00000000 0.00000000 0.00000000 0.00000000
torsoTaxel15_9 0.00000000 0.00000000 0.00000000 0.00000000
torsoTaxel15_11 0.00000000 0.00000000 0.00000000 0.00000000
torsoTaxel16_0 0.00000000 0.00000000 0.00000000 0.00000000
torsoTaxel16_1 0.00000000 0.00000000 0.00000000 0.00000000
torsoTaxel16_2 0.00000000 0.00000000 0.00000000 0.00000000
torsoTaxel16_3 0.00000000 0.00000000 0.00000000 0.00000000
torsoTaxel16_4 0.00000000 0.00000000 0.00000000 0.00000000
torsoTaxel16_5 0.00000000 0.00000000 0.00000000 0.00000000
torsoTaxel16_7 0.00000000 0.00000000 0.00000000 0.00000000
torsoTaxel16_8 0.00000000 0.00000000 0.00000000 0.00000000
torsoTaxel16_9 0.00000000 0.00000000 0.00000000 0.00000000
torsoTaxel16_11 0.00000000 0.00000000 0.00000000 0.00000000
torsoTaxel17_0 0.00000000 0.00000000 0.00000000 0.00000000
torsoTaxel17_1 0.00000000 0.00000000 0.00000000 0.00000000
torsoTaxel17_2 0.00000000 0.00000000 0.00000000 0.00000000
torsoTaxel17_3 0.00000000 0.00000000 0.00000000 0.00000000
torsoTaxel17_4 0.00000000 0.00000000 0.00000000 0.00000000
torsoTaxel17_5 0.00000000 0.00000000 0.00000000 0.00000000
torsoTaxel17_7 0.00000000 0.00000000 0.00000000 0.00000000
torsoTaxel17_8 0.00000000 0.00000000 0.00000000 0.00000000
torsoTaxel17_9 0.00000000 0.00000000 0.00000000 0.00000000
torsoTaxel17_11 0.00000000 0.00000000 0.00000000 0.00000000
torsoTaxel18_0 0.00000000 0.00000000 0.00000000 0.00000000
torsoTaxel18_1 0.00000000 0.00000000 0.00000000 0.00000000
torsoTaxel18_2 0.00000000 0.00000000 0.00000000 0.00000000
torsoTaxel18_3 0.00000000 0.00000000 0.00000000 0.00000000
torsoTaxel18_4 0.00000000 0.00000000 0.00000000 0.00000000
torsoTaxel18_5 0.00000000 0.00000000 0.00000000 0.00000000
torsoTaxel18_7 0.00000000 0.00000000 0.00000000 0.00000000
torsoTaxel18_8 0.00000000 0.00000000 0.00000000 0.00000000
torsoTaxel18_9 0.00000000 0.00000000 0.00000000 0.00000000
torsoTaxel18_11 0.00000000 0.00000000 0.00000000 0.00000000
torsoTaxel24_0 0.00000000 0.00000000 0.00000000 0.00000000
torsoTaxel24_1 0.00000000 0.00000000 0.00000000 0.00000000
torsoTaxel24_2 0.00000000 0.00000000 0.00000000 0.00000000
torsoTaxel24_3 0.00000000 0.00000000 0.00000000 0.00000000
torsoTaxel24_4 0.00000000 0.00000000 0.00000000 0.00000000
torsoTaxel24_5 0.00000000 0.00000000 0.00000000 0.00000000
torsoTaxel24_7 0.00000000 0.00000000 0.00000000 0.00000000
torsoTaxel24_8 0.00000000 0.00000000 0.00000000 0.00000000
torsoTaxel24_9 0.00000000 0.00000000 0.00000000 0.00000000
torsoTaxel24_11 0.00000000 0.00000000 0.00000000 0.00000000
torsoTaxel25_0 0.00000000 0.00000000 0.00000000 0.00000000
torsoTaxel25_1 0.00000000 0.00000000 0.00000000 0.00000000
torsoTaxel25_2 0.00000000 0.00000000 0.00000000 0.00000000
torsoTaxel25_3 0.00000000 0.00000000 0.00000000 0.00000000
torsoTaxel25_4 0.00000000 0.00000000 0.00000000 0.00000000
torsoTaxel25_5 0.00000000 0.00000000 0.00000000 0.00000000
torsoTaxel25_7 0.00000000 0.00000000 0.00000000 0.00000000
torsoTaxel25_8 0.00000000 0.00000000 0.00000000 0.00000000
torsoTaxel25_9 0.00000000 0.00000000 0.00000000 0.00000000
torsoTaxel25_11 0.00000000 0.00000000 0.00000000 0.00000000
torsoTaxel26_0 0.00000000 0.00000000 0.00000000 0.00000000
torsoTaxel26_1 0.00000000 0.00000000 0.00000000 0.00000000
torsoTaxel26_2 0.00000000 0.00000000 0.00000000 0.00000000
torsoTaxel26_3 0.00000000 0.00000000 0.00000000 0.00000000
torsoTaxel26_4 0.00000000 0.00000000 0.00000000 0.00000000
torsoTaxel26_5 0.00000000 0.00000000 0.00000000 0.00000000
torsoTaxel26_7 0.00000000 0.00000000 0.00000000 0.00000000
torsoTaxel26_8 0.00000000 0.00000000 0.00000000 0.00000000
torsoTaxel26_9 0.00000000 0.00000000 0.00000000 0.00000000
torsoTaxel26_11 0.00000000 0.00000000 0.00000000 0.00000000
torsoTaxel27_0 0.00000000 0.00000000 0.00000000 0.00000000
torsoTaxel27_1 0.00000000 0.00000000 0.00000000 0.00000000
torsoTaxel27_2 0.00000000 0.00000000 0.00000000 0.00000000
torsoTaxel27_3 0.00000000 0.00000000 0.00000000 0.00000000
torsoTaxel27_4 0.00000000 0.00000000 0.00000000 0.00000000
torsoTaxel27_5 0.00000000 0.00000000 0.00000000 0.00000000
torsoTaxel27_7 0.00000000 0.00000000 0.00000000 0.00000000
torsoTaxel27_8 0.00000000 0.00000000 0.00000000 0.00000000
torsoTaxel27_9 0.00000000 0.00000000 0.00000000 0.00000000
torsoTaxel27_11 0.00000000 0.00000000 0.00000000 0.00000000
torsoTaxel28_0 0.00000000 0.00000000 0.00000000 0.00000000
torsoTaxel28_1 0.00000000 0.00000000 0.00000000 0.00000000
torsoTaxel28_2 0.00000000 0.00000000 0.00000000 0.00000000
torsoTaxel28_3 0.00000000 0.00000000 0.00000000 0.00000000
torsoTaxel28_4 0.00000000 0.00000000 0.00000000 0.00000000
torsoTaxel28_5 0.00000000 0.00000000 0.00000000 0.00000000
torsoTaxel28_7 0.00000000 0.00000000 0.00000000 0.00000000
torsoTaxel28_8 0.00000000 0.00000000 0.00000000 0.00000000
torsoTaxel28_9 0.00000000 0.00000000 0.00000000 0.00000000
torsoTaxel28_11 0.00000000 0.00000000 0.00000000 0.00000000
torsoTaxel29_0 0.00000000 0.00000000 0.00000000 0.00000000
torsoTaxel29_1 0.00000000 0.00000000 0.00000000 0.00000000
torsoTaxel29_2 0.00000000 0.00000000 0.00000000 0.00000000
torsoTaxel29_3 0.00000000 0.00000000 0.00000000 0.00000000
torsoTaxel29_4 0.00000000 0.00000000 0.00000000 0.00000000
torsoTaxel29_5 0.00000000 0.00000000 0.00000000 0.00000000
torsoTaxel29_7 0.00000000 0.00000000 0.00000000 0.00000000
torsoTaxel29_8 0.00000000 0.00000000 0.00000000 0.00000000
torsoTaxel29_9 0.00000000 0.00000000 0.00000000 0.00000000
torsoTaxel29_11 0.00000000 0.00000000 0.00000000 0.00000000
torsoTaxel30_0 0.00000000 0.00000000 0.00000000 0.00000000
torsoTaxel30_1 0.00000000 0.00000000 0.00000000 0.00000000
torsoTaxel30_2 0.00000000 0.00000000 0.00000000 0.00000000
torsoTaxel30_3 0.00000000 0.00000000 0.00000000 0.00000000
torsoTaxel30_4 0.00000000 0.00000000 0.00000000 0.00000000
torsoTaxel30_5 0.00000000 0.00000000 0.00000000 0.00000000
torsoTaxel30_7 0.00000000 0.00000000 0.00000000 0.00000000
torsoTaxel30_8 0.00000000 0.00000000 0.00000000 0.00000000
torsoTaxel30_9 0.00000000 0.00000000 0.00000000 0.00000000
torsoTaxel30_11 0.00000000 0.00000000 0.00000000 0.00000000
torsoTaxel31_0 0.00000000 0.00000000 0.00000000 0.00000000
torsoTaxel31_1 0.00000000 0.00000000 0.00000000 0.00000000
torsoTaxel31_2 0.00000000 0.00000000 0.00000000 0.00000000
torsoTaxel31_3 0.00000000 0.00000000 0.00000000 0.00000000
torsoTaxel31_4 0.00000000 0.00000000 0.00000000 0.00000000
torsoTaxel31_5 0.00000000 0.00000000 0.00000000 0.00000000
torsoTaxel31_7 0.00000000 0.00000000 0.00000000 0.00000000
torsoTaxel31_8 0.00000000 0.00000000 0.00000000 0.00000000
torsoTaxel31_9 0.00000000 0.00000000 0.00000000 0.00000000
torsoTaxel31_11 0.00000000 0.00000000 0.00000000 0.00000000

headSkin	 a 	 d 	 alpha 	 offset
headPlastic 0.00000000 0.00000000 0.00000000 0.00000000
headLeftPatch 0.00000000 0.00000000 0.00000000 0.00000000
headRightPatch 0.00000000 0.00000000 0.00000000 0.00000000
headTriangle0 0.00000000 0.00000000 0.00000000 0.00000000
headTriangle1 0.00000000 0.00000000 0.00000000 0.00000000
headTriangle2 0.00000000 0.00000000 0.00000000 0.00000000
headTriangle3 0.00000000 0.00000000 0.00000000 0.00000000
headTriangle4 0.00000000 0.00000000 0.00000000 0.00000000
headTriangle5 0.00000000 0.00000000 0.00000000 0.00000000
headTriangle6 0.00000000 0.00000000 0.00000000 0.00000000
headTriangle7 0.00000000 0.00000000 0.00000000 0.00000000
headTriangle8 0.00000000 0.00000000 0.00000000 0.00000000
headTriangle12 0.00000000 0.00000000 0.00000000 0.00000000
headTriangle13 0.00000000 0.00000000 0.00000000 0.00000000
headTriangle15 0.00000000 0.00000000 0.00000000 0.00000000
headTriangle16 0.00000000 0.00000000 0.00000000 0.00000000
headTriangle17 0.00000000 0.00000000 0.00000000 0.00000000
headTriangle18 0.00000000 0.00000000 0.00000000 0.00000000
headTriangle19 0.00000000 0.00000000 0.00000000 0.00000000
headTriangle20 0.00000000 0.00000000 0.00000000 0.00000000
headTriangle21 0.00000000 0.00000000 0.00000000 0.00000000
headTriangle22 0.00000000 0.00000000 0.00000000 0.00000000
headTriangle23 0.00000000 0.00000000 0.00000000 0.00000000
headTriangle24 0.00000000 0.00000000 0.00000000 0.00000000
headTriangle28 0.00000000 0.00000000 0.00000000 0.00000000
headTriangle29 0.00000000 0.00000000 0.00000000 0.00000000
headTriangle31 0.00000000 0.00000000 0.00000000 0.00000000
headTaxel0_0 0.00000000 0.00000000 0.00000000 0.00000000
headTaxel0_1 0.00000000 0.00000000 0.00000000 0.00000000
headTaxel0_2 0.00000000 0.00000000 0.00000000 0.00000000
headTaxel0_3 0.00000000 0.00000000 0.00000000 0.00000000
headTaxel0_4 0.00000000 0.00000000 0.00000000 0.00000000
headTaxel0_5 0.00000000 0.00000000 0.00000000 0.00000000
headTaxel0_7 0.00000000 0.00000000 0.00000000 0.00000000
headTaxel0_8 0.00000000 0.00000000 0.00000000 0.00000000
headTaxel0_9 0.00000000 0.00000000 0.00000000 0.00000000
headTaxel0_11 0.00000000 0.00000000 0.00000000 0.00000000
headTaxel1_0 0.00000000 0.00000000 0.00000000 0.00000000
headTaxel1_1 0.00000000 0.00000000 0.00000000 0.00000000
headTaxel1_2 0.00000000 0.00000000 0.00000000 0.00000000
headTaxel1_3 0.00000000 0.00000000 0.00000000 0.00000000
headTaxel1_4 0.00000000 0.00000000 0.00000000 0.00000000
headTaxel1_5 0.00000000 0.00000000 0.00000000 0.00000000
headTaxel1_7 0.00000000 0.00000000 0.00000000 0.00000000
headTaxel1_8 0.00000000 0.00000000 0.00000000 0.00000000
headTaxel1_9 0.00000000 0.00000000 0.00000000 0.00000000
headTaxel1_11 0.00000000 0.00000000 0.00000000 0.00000000
headTaxel2_0 0.00000000 0.00000000 0.00000000 0.00000000
headTaxel2_1 0.00000000 0.00000000 0.00000000 0.00000000
headTaxel2_2 0.00000000 0.00000000 0.00000000 0.00000000
headTaxel2_3 0.00000000 0.00000000 0.00000000 0.00000000
headTaxel2_4 0.00000000 0.00000000 0.00000000 0.00000000
headTaxel2_5 0.00000000 0.00000000 0.00000000 0.00000000
headTaxel2_7 0.00000000 0.00000000 0.00000000 0.00000000
headTaxel2_8 0.00000000 0.00000000 0.00000000 0.00000000
headTaxel2_9 0.00000000 0.00000000 0.00000000 0.00000000
headTaxel2_11 0.00000000 0.00000000 0.00000000 0.00000000
headTaxel3_0 0.00000000 0.00000000 0.00000000 0.00000000
headTaxel3_1 0.00000000 0.00000000 0.00000000 0.00000000
headTaxel3_2 0.00000000 0.00000000 0.00000000 0.00000000
headTaxel3_3 0.00000000 0.00000000 0.00000000 0.00000000
headTaxel3_4 0.00000000 0.00000000 0.00000000 0.00000000
headTaxel3_5 0.00000000 0.00000000 0.00000000 0.00000000
headTaxel3_7 0.00000000 0.00000000 0.00000000 0.00000000
headTaxel3_8 0.00000000 0.00000000 0.00000000 0.00000000
headTaxel3_9 0.00000000 0.00000000 0.00000000 0.00000000
headTaxel3_11 0.00000000 0.00000000 0.00000000 0.00000000
headTaxel4_0 0.00000000 0.00000000 0.00000000 0.00000000
headTaxel4_1 0.00000000 0.00000000 0.00000000 0.00000000
headTaxel4_2 0.00000000 0.00000000 0.00000000 0.00000000
headTaxel4_3 0.00000000 0.00000000 0.00000000 0.00000000
headTaxel4_4 0.00000000 0.00000000 0.00000000 0.00000000
headTaxel4_5 0.00000000 0.00000000 0.00000000 0.00000000
headTaxel4_7 0.00000000 0.00000000 0.00000000 0.00000000
headTaxel4_8 0.00000000 0.00000000 0.00000000 0.00000000
headTaxel4_9 0.00000000 0.00000000 0.00000000 0.00000000
headTaxel4_11 0.00000000 0.00000000 0.00000000 0.00000000
headTaxel5_0 0.00000000 0.00000000 0.00000000 0.00000000
headTaxel5_1 0.00000000 0.00000000 0.00000000 0.00000000
headTaxel5_2 0.00000000 0.00000000 0.00000000 0.00000000
headTaxel5_3 0.00000000 0.00000000 0.00000000 0.00000000
headTaxel5_4 0.00000000 0.00000000 0.00000000 0.00000000
headTaxel5_5 0.00000000 0.00000000 0.00000000 0.00000000
headTaxel5_7 0.00000000 0.00000000 0.00000000 0.00000000
headTaxel5_8 0.00000000 0.00000000 0.00000000 0.00000000
headTaxel5_9 0.00000000 0.00000000 0.00000000 0.00000000
headTaxel5_11 0.00000000 0.00000000 0.00000000 0.00000000
headTaxel6_0 0.00000000 0.00000000 0.00000000 0.00000000
headTaxel6_1 0.00000000 0.00000000 0.00000000 0.00000000
headTaxel6_2 0.00000000 0.00000000 0.00000000 0.00000000
headTaxel6_3 0.00000000 0.00000000 0.00000000 0.00000000
headTaxel6_4 0.00000000 0.00000000 0.00000000 0.00000000
headTaxel6_5 0.00000000 0.00000000 0.00000000 0.00000000
headTaxel6_7 0.00000000 0.00000000 0.00000000 0.00000000
headTaxel6_8 0.00000000 0.00000000 0.00000000 0.00000000
headTaxel6_9 0.00000000 0.00000000 0.00000000 0.00000000
headTaxel6_11 0.00000000 0.00000000 0.00000000 0.00000000
headTaxel7_0 0.00000000 0.00000000 0.00000000 0.00000000
headTaxel7_1 0.00000000 0.00000000 0.00000000 0.00000000
headTaxel7_2 0.00000000 0.00000000 0.00000000 0.00000000
headTaxel7_3 0.00000000 0.00000000 0.00000000 0.00000000
headTaxel7_4 0.00000000 0.00000000 0.00000000 0.00000000
headTaxel7_5 0.00000000 0.00000000 0.00000000 0.00000000
headTaxel7_7 0.00000000 0.00000000 0.00000000 0.00000000
headTaxel7_8 0.00000000 0.00000000 0.00000000 0.00000000
headTaxel7_9 0.00000000 0.00000000 0.00000000 0.00000000
headTaxel7_11 0.00000000 0.00000000 0.00000000 0.00000000
headTaxel8_0 0.00000000 0.00000000 0.00000000 0.00000000
headTaxel8_1 0.00000000 0.00000000 0.00000000 0.00000000
headTaxel8_2 0.00000000 0.00000000 0.00000000 0.00000000
headTaxel8_3 0.00000000 0.00000000 0.00000000 0.00000000
headTaxel8_4 0.00000000 0.00000000 0.00000000 0.00000000
headTaxel8_5 0.00000000 0.00000000 0.00000000 0.00000000
headTaxel8_7 0.00000000 0.00000000 0.00000000 0.00000000
headTaxel8_8 0.00000000 0.00000000 0.00000000 0.00000000
headTaxel8_9 0.00000000 0.00000000 0.00000000 0.00000000
headTaxel8_11 0.00000000 0.00000000 0.00000000 0.00000000
headTaxel12_0 0.00000000 0.00000000 0.00000000 0.00000000
headTaxel12_1 0.00000000 0.00000000 0.00000000 0.00000000
headTaxel12_2 0.00000000 0.00000000 0.00000000 0.00000000
headTaxel12_3 0.00000000 0.00000000 0.00000000 0.00000000
headTaxel12_4 0.00000000 0.00000000 0.00000000 0.00000000
headTaxel12_5 0.00000000 0.00000000 0.00000000 0.00000000
headTaxel12_7 0.00000000 0.00000000 0.00000000 0.00000000
headTaxel12_8 0.00000000 0.00000000 0.00000000 0.00000000
headTaxel12_9 0.00000000 0.00000000 0.00000000 0.00000000
headTaxel12_11 0.00000000 0.00000000 0.00000000 0.00000000
headTaxel13_0 0.00000000 0.00000000 0.00000000 0.00000000
headTaxel13_1 0.00000000 0.00000000 0.00000000 0.00000000
headTaxel13_2 0.00000000 0.00000000 0.00000000 0.00000000
headTaxel13_3 0.00000000 0.00000000 0.00000000 0.00000000
headTaxel13_4 0.00000000 0.00000000 0.00000000 0.00000000
headTaxel13_5 0.00000000 0.00000000 0.00000000 0.00000000
headTaxel13_7 0.00000000 0.00000000 0.00000000 0.00000000
headTaxel13_8 0.00000000 0.00000000 0.00000000 0.00000000
headTaxel13_9 0.00000000 0.00000000 0.00000000 0.00000000
headTaxel13_11 0.00000000 0.00000000 0.00000000 0.00000000
headTaxel15_0 0.00000000 0.00000000 0.00000000 0.00000000
headTaxel15_1 0.00000000 0.00000000 0.00000000 0.00000000
headTaxel15_2 0.00000000 0.00000000 0.00000000 0.00000000
headTaxel15_3 0.00000000 0.00000000 0.00000000 0.00000000
headTaxel15_4 0.00000000 0.00000000 0.00000000 0.00000000
headTaxel15_5 0.00000000 0.00000000 0.00000000 0.00000000
headTaxel15_7 0.00000000 0.00000000 0.00000000 0.00000000
headTaxel15_8 0.00000000 0.00000000 0.00000000 0.00000000
headTaxel15_9 0.00000000 0.00000000 0.00000000 0.00000000
headTaxel15_11 0.00000000 0.00000000 0.00000000 0.00000000
headTaxel16_0 0.00000000 0.00000000 0.00000000 0.00000000
headTaxel16_1 0.00000000 0.00000000 0.00000000 0.00000000
headTaxel16_2 0.00000000 0.00000000 0.00000000 0.00000000
headTaxel16_3 0.00000000 0.00000000 0.00000000 0.00000000
headTaxel16_4 0.00000000 0.00000000 0.00000000 0.00000000
headTaxel16_5 0.00000000 0.00000000 0.00000000 0.00000000
headTaxel16_7 0.00000000 0.00000000 0.00000000 0.00000000
headTaxel16_8 0.00000000 0.00000000 0.00000000 0.00000000
headTaxel16_9 0.00000000 0.00000000 0.00000000 0.00000000
headTaxel16_11 0.00000000 0.00000000 0.00000000 0.00000000
headTaxel17_0 0.00000000 0.00000000 0.00000000 0.00000000
headTaxel17_1 0.00000000 0.00000000 0.00000000 0.00000000
headTaxel17_2 0.00000000 0.00000000 0.00000000 0.00000000
headTaxel17_3 0.00000000 0.00000000 0.00000000 0.00000000
headTaxel17_4 0.00000000 0.00000000 0.00000000 0.00000000
headTaxel17_5 0.00000000 0.00000000 0.00000000 0.00000000
headTaxel17_7 0.00000000 0.00000000 0.00000000 0.00000000
headTaxel17_8 0.00000000 0.00000000 0.00000000 0.00000000
headTaxel17_9 0.00000000 0.00000000 0.00000000 0.00000000
headTaxel17_11 0.00000000 0.00000000 0.00000000 0.00000000
headTaxel18_0 0.00000000 0.00000000 0.00000000 0.00000000
headTaxel18_1 0.00000000 0.00000000 0.00000000 0.00000000
headTaxel18_2 0.00000000 0.00000000 0.00000000 0.00000000
headTaxel18_3 0.00000000 0.00000000 0.00000000 0.00000000
headTaxel18_4 0.00000000 0.00000000 0.00000000 0.00000000
headTaxel18_5 0.00000000 0.00000000 0.00000000 0.00000000
headTaxel18_7 0.00000000 0.00000000 0.00000000 0.00000000
headTaxel18_8 0.00000000 0.00000000 0.00000000 0.00000000
headTaxel18_9 0.00000000 0.00000000 0.00000000 0.00000000
headTaxel18_11 0.00000000 0.00000000 0.00000000 0.00000000
headTaxel19_0 0.00000000 0.00000000 0.00000000 0.00000000
headTaxel19_1 0.00000000 0.00000000 0.00000000 0.00000000
headTaxel19_2 0.00000000 0.00000000 0.00000000 0.00000000
headTaxel19_3 0.00000000 0.00000000 0.00000000 0.00000000
headTaxel19_4 0.00000000 0.00000000 0.00000000 0.00000000
headTaxel19_5 0.00000000 0.00000000 0.00000000 0.00000000
headTaxel19_7 0.00000000 0.00000000 0.00000000 0.00000000
headTaxel19_8 0.00000000 0.00000000 0.00000000 0.00000000
headTaxel19_9 0.00000000 0.00000000 0.00000000 0.00000000
headTaxel19_11 0.00000000 0.00000000 0.00000000 0.00000000
headTaxel20_0 0.00000000 0.00000000 0.00000000 0.00000000
headTaxel20_1 0.00000000 0.00000000 0.00000000 0.00000000
headTaxel20_2 0.00000000 0.00000000 0.00000000 0.00000000
headTaxel20_3 0.00000000 0.00000000 0.00000000 0.00000000
headTaxel20_4 0.00000000 0.00000000 0.00000000 0.00000000
headTaxel20_5 0.00000000 0.00000000 0.00000000 0.00000000
headTaxel20_7 0.00000000 0.00000000 0.00000000 0.00000000
headTaxel20_8 0.00000000 0.00000000 0.00000000 0.00000000
headTaxel20_9 0.00000000 0.00000000 0.00000000 0.00000000
headTaxel20_11 0.00000000 0.00000000 0.00000000 0.00000000
headTaxel21_0 0.00000000 0.00000000 0.00000000 0.00000000
headTaxel21_1 0.00000000 0.00000000 0.00000000 0.00000000
headTaxel21_2 0.00000000 0.00000000 0.00000000 0.00000000
headTaxel21_3 0.00000000 0.00000000 0.00000000 0.00000000
headTaxel21_4 0.00000000 0.00000000 0.00000000 0.00000000
headTaxel21_5 0.00000000 0.00000000 0.00000000 0.00000000
headTaxel21_7 0.00000000 0.00000000 0.00000000 0.00000000
headTaxel21_8 0.00000000 0.00000000 0.00000000 0.00000000
headTaxel21_9 0.00000000 0.00000000 0.00000000 0.00000000
headTaxel21_11 0.00000000 0.00000000 0.00000000 0.00000000
headTaxel22_0 0.00000000 0.00000000 0.00000000 0.00000000
headTaxel22_1 0.00000000 0.00000000 0.00000000 0.00000000
headTaxel22_2 0.00000000 0.00000000 0.00000000 0.00000000
headTaxel22_3 0.00000000 0.00000000 0.00000000 0.00000000
headTaxel22_4 0.00000000 0.00000000 0.00000000 0.00000000
headTaxel22_5 0.00000000 0.00000000 0.00000000 0.00000000
headTaxel22_7 0.00000000 0.00000000 0.00000000 0.00000000
headTaxel22_8 0.00000000 0.00000000 0.00000000 0.00000000
headTaxel22_9 0.00000000 0.00000000 0.00000000 0.00000000
headTaxel22_11 0.00000000 0.00000000 0.00000000 0.00000000
headTaxel23_0 0.00000000 0.00000000 0.00000000 0.00000000
headTaxel23_1 0.00000000 0.00000000 0.00000000 0.00000000
headTaxel23_2 0.00000000 0.00000000 0.00000000 0.00000000
headTaxel23_3 0.00000000 0.00000000 0.00000000 0.00000000
headTaxel23_4 0.00000000 0.00000000 0.00000000 0.00000000
headTaxel23_5 0.00000000 0.00000000 0.00000000 0.00000000
headTaxel23_7 0.00000000 0.00000000 0.00000000 0.00000000
headTaxel23_8 0.00000000 0.00000000 0.00000000 0.00000000
headTaxel23_9 0.00000000 0.00000000 0.00000000 0.00000000
headTaxel23_11 0.00000000 0.00000000 0.00000000 0.00000000
headTaxel24_0 0.00000000 0.00000000 0.00000000 0.00000000
headTaxel24_1 0.00000000 0.00000000 0.00000000 0.00000000
headTaxel24_2 0.00000000 0.00000000 0.00000000 0.00000000
headTaxel24_3 0.00000000 0.00000000 0.00000000 0.00000000
headTaxel24_4 0.00000000 0.00000000 0.00000000 0.00000000
headTaxel24_5 0.00000000 0.00000000 0.00000000 0.00000000
headTaxel24_7 0.00000000 0.00000000 0.00000000 0.00000000
headTaxel24_8 0.00000000 0.00000000 0.00000000 0.00000000
headTaxel24_9 0.00000000 0.00000000 0.00000000 0.00000000
headTaxel24_11 0.00000000 0.00000000 0.00000000 0.00000000
headTaxel28_0 0.00000000 0.00000000 0.00000000 0.00000000
headTaxel28_1 0.00000000 0.00000000 0.00000000 0.00000000
headTaxel28_2 0.00000000 0.00000000 0.00000000 0.00000000
headTaxel28_3 0.00000000 0.00000000 0.00000000 0.00000000
headTaxel28_4 0.00000000 0.00000000 0.00000000 0.00000000
headTaxel28_5 0.00000000 0.00000000 0.00000000 0.00000000
headTaxel28_7 0.00000000 0.00000000 0.00000000 0.00000000
headTaxel28_8 0.00000000 0.00000000 0.00000000 0.00000000
headTaxel28_9 0.00000000 0.00000000 0.00000000 0.00000000
headTaxel28_11 0.00000000 0.00000000 0.00000000 0.00000000
headTaxel29_0 0.00000000 0.00000000 0.00000000 0.00000000
headTaxel29_1 0.00000000 0.00000000 0.00000000 0.00000000
headTaxel29_2 0.00000000 0.00000000 0.00000000 0.00000000
headTaxel29_3 0.00000000 0.00000000 0.00000000 0.00000000
headTaxel29_4 0.00000000 0.00000000 0.00000000 0.00000000
headTaxel29_5 0.00000000 0.00000000 0.00000000 0.00000000
headTaxel29_7 0.00000000 0.00000000 0.00000000 0.00000000
headTaxel29_8 0.00000000 0.00000000 0.00000000 0.00000000
headTaxel29_9 0.00000000 0.00000000 0.00000000 0.00000000
headTaxel29_11 0.00000000 0.00000000 0.00000000 0.00000000
headTaxel31_0 0.00000000 0.00000000 0.00000000 0.00000000
headTaxel31_1 0.00000000 0.00000000 0.00000000 0.00000000
headTaxel31_2 0.00000000 0.00000000 0.00000000 0.00000000
headTaxel31_3 0.00000000 0.00000000 0.00000000 0.00000000
headTaxel31_4 0.00000000 0.00000000 0.00000000 0.00000000
headTaxel31_5 0.00000000 0.00000000 0.00000000 0.00000000
headTaxel31_7 0.00000000 0.00000000 0.00000000 0.00000000
headTaxel31_8 0.00000000 0.00000000 0.00000000 0.00000000
headTaxel31_9 0.00000000 0.00000000 0.00000000 0.00000000
headTaxel31_11 0.00000000 0.00000000 0.00000000 0.00000000

leftArmSkin	 a 	 d 	 alpha 	 offset
leftPlastic 0.00000000 0.00000000 0.00000000 0.00000000
leftUpperPatch 0.00000000 0.00000000 0.00000000 0.00000000
leftLowerPatch 0.00000000 0.00000000 0.00000000 0.00000000
leftTriangle7 0.00000000 0.00000000 0.00000000 0.00000000
leftTriangle8 0.00000000 0.00000000 0.00000000 0.00000000
leftTriangle9 0.00000000 0.00000000 0.00000000 0.00000000
leftTriangle10 0.00000000 0.00000000 0.00000000 0.00000000
leftTriangle11 0.00000000 0.00000000 0.00000000 0.00000000
leftTriangle14 0.00000000 0.00000000 0.00000000 0.00000000
leftTriangle15 0.00000000 0.00000000 0.00000000 0.00000000
leftTriangle0 0.00000000 0.00000000 0.00000000 0.00000000
leftTriangle13 0.00000000 0.00000000 0.00000000 0.00000000
leftTriangle12 0.00000000 0.00000000 0.00000000 0.00000000
leftTriangle1 0.00000000 0.00000000 0.00000000 0.00000000
leftTriangle2 0.00000000 0.00000000 0.00000000 0.00000000
leftTriangle3 0.00000000 0.00000000 0.00000000 0.00000000
leftTriangle4 0.00000000 0.00000000 0.00000000 0.00000000
leftTriangle5 0.00000000 0.00000000 0.00000000 0.00000000
leftTriangle6 0.00000000 0.00000000 0.00000000 0.00000000
leftTriangle19 0.00000000 0.00000000 0.00000000 0.00000000
leftTriangle22 0.00000000 0.00000000 0.00000000 0.00000000
leftTriangle23 0.00000000 0.00000000 0.00000000 0.00000000
leftTriangle25 0.00000000 0.00000000 0.00000000 0.00000000
leftTriangle26 0.00000000 0.00000000 0.00000000 0.00000000
leftTriangle20 0.00000000 0.00000000 0.00000000 0.00000000
leftTriangle21 0.00000000 0.00000000 0.00000000 0.00000000
leftTriangle31 0.00000000 0.00000000 0.00000000 0.00000000
leftTaxel0_0 0.00000000 0.00000000 0.00000000 0.00000000
leftTaxel0_1 0.00000000 0.00000000 0.00000000 0.00000000
leftTaxel0_2 0.00000000 0.00000000 0.00000000 0.00000000
leftTaxel0_3 0.00000000 0.00000000 0.00000000 0.00000000
leftTaxel0_4 0.00000000 0.00000000 0.00000000 0.00000000
leftTaxel0_5 0.00000000 0.00000000 0.00000000 0.00000000
leftTaxel0_7 0.00000000 0.00000000 0.00000000 0.00000000
leftTaxel0_8 0.00000000 0.00000000 0.00000000 0.00000000
leftTaxel0_9 0.00000000 0.00000000 0.00000000 0.00000000
leftTaxel0_11 0.00000000 0.00000000 0.00000000 0.00000000
leftTaxel1_0 0.00000000 0.00000000 0.00000000 0.00000000
leftTaxel1_1 0.00000000 0.00000000 0.00000000 0.00000000
leftTaxel1_2 0.00000000 0.00000000 0.00000000 0.00000000
leftTaxel1_3 0.00000000 0.00000000 0.00000000 0.00000000
leftTaxel1_4 0.00000000 0.00000000 0.00000000 0.00000000
leftTaxel1_5 0.00000000 0.00000000 0.00000000 0.00000000
leftTaxel1_7 0.00000000 0.00000000 0.00000000 0.00000000
leftTaxel1_8 0.00000000 0.00000000 0.00000000 0.00000000
leftTaxel1_9 0.00000000 0.00000000 0.00000000 0.00000000
leftTaxel1_11 0.00000000 0.00000000 0.00000000 0.00000000
leftTaxel2_0 0.00000000 0.00000000 0.00000000 0.00000000
leftTaxel2_1 0.00000000 0.00000000 0.00000000 0.00000000
leftTaxel2_2 0.00000000 0.00000000 0.00000000 0.00000000
leftTaxel2_3 0.00000000 0.00000000 0.00000000 0.00000000
leftTaxel2_4 0.00000000 0.00000000 0.00000000 0.00000000
leftTaxel2_5 0.00000000 0.00000000 0.00000000 0.00000000
leftTaxel2_7 0.00000000 0.00000000 0.00000000 0.00000000
leftTaxel2_8 0.00000000 0.00000000 0.00000000 0.00000000
leftTaxel2_9 0.00000000 0.00000000 0.00000000 0.00000000
leftTaxel2_11 0.00000000 0.00000000 0.00000000 0.00000000
leftTaxel3_0 0.00000000 0.00000000 0.00000000 0.00000000
leftTaxel3_1 0.00000000 0.00000000 0.00000000 0.00000000
leftTaxel3_2 0.00000000 0.00000000 0.00000000 0.00000000
leftTaxel3_3 0.00000000 0.00000000 0.00000000 0.00000000
leftTaxel3_4 0.00000000 0.00000000 0.00000000 0.00000000
leftTaxel3_5 0.00000000 0.00000000 0.00000000 0.00000000
leftTaxel3_7 0.00000000 0.00000000 0.00000000 0.00000000
leftTaxel3_8 0.00000000 0.00000000 0.00000000 0.00000000
leftTaxel3_9 0.00000000 0.00000000 0.00000000 0.00000000
leftTaxel3_11 0.00000000 0.00000000 0.00000000 0.00000000
leftTaxel4_0 0.00000000 0.00000000 0.00000000 0.00000000
leftTaxel4_1 0.00000000 0.00000000 0.00000000 0.00000000
leftTaxel4_2 0.00000000 0.00000000 0.00000000 0.00000000
leftTaxel4_3 0.00000000 0.00000000 0.00000000 0.00000000
leftTaxel4_4 0.00000000 0.00000000 0.00000000 0.00000000
leftTaxel4_5 0.00000000 0.00000000 0.00000000 0.00000000
leftTaxel4_7 0.00000000 0.00000000 0.00000000 0.00000000
leftTaxel4_8 0.00000000 0.00000000 0.00000000 0.00000000
leftTaxel4_9 0.00000000 0.00000000 0.00000000 0.00000000
leftTaxel4_11 0.00000000 0.00000000 0.00000000 0.00000000
leftTaxel5_0 0.00000000 0.00000000 0.00000000 0.00000000
leftTaxel5_1 0.00000000 0.00000000 0.00000000 0.00000000
leftTaxel5_2 0.00000000 0.00000000 0.00000000 0.00000000
leftTaxel5_3 0.00000000 0.00000000 0.00000000 0.00000000
leftTaxel5_4 0.00000000 0.00000000 0.00000000 0.00000000
leftTaxel5_5 0.00000000 0.00000000 0.00000000 0.00000000
leftTaxel5_7 0.00000000 0.00000000 0.00000000 0.00000000
leftTaxel5_8 0.00000000 0.00000000 0.00000000 0.00000000
leftTaxel5_9 0.00000000 0.00000000 0.00000000 0.00000000
leftTaxel5_11 0.00000000 0.00000000 0.00000000 0.00000000
leftTaxel6_0 0.00000000 0.00000000 0.00000000 0.00000000
leftTaxel6_1 0.00000000 0.00000000 0.00000000 0.00000000
leftTaxel6_2 0.00000000 0.00000000 0.00000000 0.00000000
leftTaxel6_3 0.00000000 0.00000000 0.00000000 0.00000000
leftTaxel6_4 0.00000000 0.00000000 0.00000000 0.00000000
leftTaxel6_5 0.00000000 0.00000000 0.00000000 0.00000000
leftTaxel6_7 0.00000000 0.00000000 0.00000000 0.00000000
leftTaxel6_8 0.00000000 0.00000000 0.00000000 0.00000000
leftTaxel6_9 0.00000000 0.00000000 0.00000000 0.00000000
leftTaxel6_11 0.00000000 0.00000000 0.00000000 0.00000000
leftTaxel7_0 0.00000000 0.00000000 0.00000000 0.00000000
leftTaxel7_1 0.00000000 0.00000000 0.00000000 0.00000000
leftTaxel7_2 0.00000000 0.00000000 0.00000000 0.00000000
leftTaxel7_3 0.00000000 0.00000000 0.00000000 0.00000000
leftTaxel7_4 0.00000000 0.00000000 0.00000000 0.00000000
leftTaxel7_5 0.00000000 0.00000000 0.00000000 0.00000000
leftTaxel7_7 0.00000000 0.00000000 0.00000000 0.00000000
leftTaxel7_8 0.00000000 0.00000000 0.00000000 0.00000000
leftTaxel7_9 0.00000000 0.00000000 0.00000000 0.00000000
leftTaxel7_11 0.00000000 0.00000000 0.00000000 0.00000000
leftTaxel8_0 0.00000000 0.00000000 0.00000000 0.00000000
leftTaxel8_1 0.00000000 0.00000000 0.00000000 0.00000000
leftTaxel8_2 0.00000000 0.00000000 0.00000000 0.00000000
leftTaxel8_3 0.00000000 0.00000000 0.00000000 0.00000000
leftTaxel8_4 0.00000000 0.00000000 0.00000000 0.00000000
leftTaxel8_5 0.00000000 0.00000000 0.00000000 0.00000000
leftTaxel8_7 0.00000000 0.00000000 0.00000000 0.00000000
leftTaxel8_8 0.00000000 0.00000000 0.00000000 0.00000000
leftTaxel8_9 0.00000000 0.00000000 0.00000000 0.00000000
leftTaxel8_11 0.00000000 0.00000000 0.00000000 0.00000000
leftTaxel9_0 0.00000000 0.00000000 0.00000000 0.00000000
leftTaxel9_1 0.00000000 0.00000000 0.00000000 0.00000000
leftTaxel9_2 0.00000000 0.00000000 0.00000000 0.00000000
leftTaxel9_3 0.00000000 0.00000000 0.00000000 0.00000000
leftTaxel9_4 0.00000000 0.00000000 0.00000000 0.00000000
leftTaxel9_5 0.00000000 0.00000000 0.00000000 0.00000000
leftTaxel9_7 0.00000000 0.00000000 0.00000000 0.00000000
leftTaxel9_8 0.00000000 0.00000000 0.00000000 0.00000000
leftTaxel9_9 0.00000000 0.00000000 0.00000000 0.00000000
leftTaxel9_11 0.00000000 0.00000000 0.00000000 0.00000000
leftTaxel10_0 0.00000000 0.00000000 0.00000000 0.00000000
leftTaxel10_1 0.00000000 0.00000000 0.00000000 0.00000000
leftTaxel10_2 0.00000000 0.00000000 0.00000000 0.00000000
leftTaxel10_3 0.00000000 0.00000000 0.00000000 0.00000000
leftTaxel10_4 0.00000000 0.00000000 0.00000000 0.00000000
leftTaxel10_5 0.00000000 0.00000000 0.00000000 0.00000000
leftTaxel10_7 0.00000000 0.00000000 0.00000000 0.00000000
leftTaxel10_8 0.00000000 0.00000000 0.00000000 0.00000000
leftTaxel10_9 0.00000000 0.00000000 0.00000000 0.00000000
leftTaxel10_11 0.00000000 0.00000000 0.00000000 0.00000000
leftTaxel11_0 0.00000000 0.00000000 0.00000000 0.00000000
leftTaxel11_1 0.00000000 0.00000000 0.00000000 0.00000000
leftTaxel11_2 0.00000000 0.00000000 0.00000000 0.00000000
leftTaxel11_3 0.00000000 0.00000000 0.00000000 0.00000000
leftTaxel11_4 0.00000000 0.00000000 0.00000000 0.00000000
leftTaxel11_5 0.00000000 0.00000000 0.00000000 0.00000000
leftTaxel11_7 0.00000000 0.00000000 0.00000000 0.00000000
leftTaxel11_8 0.00000000 0.00000000 0.00000000 0.00000000
leftTaxel11_9 0.00000000 0.00000000 0.00000000 0.00000000
leftTaxel11_11 0.00000000 0.00000000 0.00000000 0.00000000
leftTaxel12_0 0.00000000 0.00000000 0.00000000 0.00000000
leftTaxel12_1 0.00000000 0.00000000 0.00000000 0.00000000
leftTaxel12_2 0.00000000 0.00000000 0.00000000 0.00000000
leftTaxel12_3 0.00000000 0.00000000 0.00000000 0.00000000
leftTaxel12_4 0.00000000 0.00000000 0.00000000 0.00000000
leftTaxel12_5 0.00000000 0.00000000 0.00000000 0.00000000
leftTaxel12_7 0.00000000 0.00000000 0.00000000 0.00000000
leftTaxel12_8 0.00000000 0.00000000 0.00000000 0.00000000
leftTaxel12_9 0.00000000 0.00000000 0.00000000 0.00000000
leftTaxel12_11 0.00000000 0.00000000 0.00000000 0.00000000
leftTaxel13_0 0.00000000 0.00000000 0.00000000 0.00000000
leftTaxel13_1 0.00000000 0.00000000 0.00000000 0.00000000
leftTaxel13_2 0.00000000 0.00000000 0.00000000 0.00000000
leftTaxel13_3 0.00000000 0.00000000 0.00000000 0.00000000
leftTaxel13_4 0.00000000 0.00000000 0.00000000 0.00000000
leftTaxel13_5 0.00000000 0.00000000 0.00000000 0.00000000
leftTaxel13_7 0.00000000 0.00000000 0.00000000 0.00000000
leftTaxel13_8 0.00000000 0.00000000 0.00000000 0.00000000
leftTaxel13_9 0.00000000 0.00000000 0.00000000 0.00000000
leftTaxel13_11 0.00000000 0.00000000 0.00000000 0.00000000
leftTaxel14_0 0.00000000 0.00000000 0.00000000 0.00000000
leftTaxel14_1 0.00000000 0.00000000 0.00000000 0.00000000
leftTaxel14_2 0.00000000 0.00000000 0.00000000 0.00000000
leftTaxel14_3 0.00000000 0.00000000 0.00000000 0.00000000
leftTaxel14_4 0.00000000 0.00000000 0.00000000 0.00000000
leftTaxel14_5 0.00000000 0.00000000 0.00000000 0.00000000
leftTaxel14_7 0.00000000 0.00000000 0.00000000 0.00000000
leftTaxel14_8 0.00000000 0.00000000 0.00000000 0.00000000
leftTaxel14_9 0.00000000 0.00000000 0.00000000 0.00000000
leftTaxel14_11 0.00000000 0.00000000 0.00000000 0.00000000
leftTaxel15_0 0.00000000 0.00000000 0.00000000 0.00000000
leftTaxel15_1 0.00000000 0.00000000 0.00000000 0.00000000
leftTaxel15_2 0.00000000 0.00000000 0.00000000 0.00000000
leftTaxel15_3 0.00000000 0.00000000 0.00000000 0.00000000
leftTaxel15_4 0.00000000 0.00000000 0.00000000 0.00000000
leftTaxel15_5 0.00000000 0.00000000 0.00000000 0.00000000
leftTaxel15_7 0.00000000 0.00000000 0.00000000 0.00000000
leftTaxel15_8 0.00000000 0.00000000 0.00000000 0.00000000
leftTaxel15_9 0.00000000 0.00000000 0.00000000 0.00000000
leftTaxel15_11 0.00000000 0.00000000 0.00000000 0.00000000
leftTaxel19_0 0.00000000 0.00000000 0.00000000 0.00000000
leftTaxel19_1 0.00000000 0.00000000 0.00000000 0.00000000
leftTaxel19_2 0.00000000 0.00000000 0.00000000 0.00000000
leftTaxel19_3 0.00000000 0.00000000 0.00000000 0.00000000
leftTaxel19_4 0.00000000 0.00000000 0.00000000 0.00000000
leftTaxel19_5 0.00000000 0.00000000 0.00000000 0.00000000
leftTaxel19_7 0.00000000 0.00000000 0.00000000 0.00000000
leftTaxel19_8 0.00000000 0.00000000 0.00000000 0.00000000
leftTaxel19_9 0.00000000 0.00000000 0.00000000 0.00000000
leftTaxel19_11 0.00000000 0.00000000 0.00000000 0.00000000
leftTaxel20_0 0.00000000 0.00000000 0.00000000 0.00000000
leftTaxel20_1 0.00000000 0.00000000 0.00000000 0.00000000
leftTaxel20_2 0.00000000 0.00000000 0.00000000 0.00000000
leftTaxel20_3 0.00000000 0.00000000 0.00000000 0.00000000
leftTaxel20_4 0.00000000 0.00000000 0.00000000 0.00000000
leftTaxel20_5 0.00000000 0.00000000 0.00000000 0.00000000
leftTaxel20_7 0.00000000 0.00000000 0.00000000 0.00000000
leftTaxel20_8 0.00000000 0.00000000 0.00000000 0.00000000
leftTaxel20_9 0.00000000 0.00000000 0.00000000 0.00000000
leftTaxel20_11 0.00000000 0.00000000 0.00000000 0.00000000
leftTaxel21_0 0.00000000 0.00000000 0.00000000 0.00000000
leftTaxel21_1 0.00000000 0.00000000 0.00000000 0.00000000
leftTaxel21_2 0.00000000 0.00000000 0.00000000 0.00000000
leftTaxel21_3 0.00000000 0.00000000 0.00000000 0.00000000
leftTaxel21_4 0.00000000 0.00000000 0.00000000 0.00000000
leftTaxel21_5 0.00000000 0.00000000 0.00000000 0.00000000
leftTaxel21_7 0.00000000 0.00000000 0.00000000 0.00000000
leftTaxel21_8 0.00000000 0.00000000 0.00000000 0.00000000
leftTaxel21_9 0.00000000 0.00000000 0.00000000 0.00000000
leftTaxel21_11 0.00000000 0.00000000 0.00000000 0.00000000
leftTaxel22_0 0.00000000 0.00000000 0.00000000 0.00000000
leftTaxel22_1 0.00000000 0.00000000 0.00000000 0.00000000
leftTaxel22_2 0.00000000 0.00000000 0.00000000 0.00000000
leftTaxel22_3 0.00000000 0.00000000 0.00000000 0.00000000
leftTaxel22_4 0.00000000 0.00000000 0.00000000 0.00000000
leftTaxel22_5 0.00000000 0.00000000 0.00000000 0.00000000
leftTaxel22_7 0.00000000 0.00000000 0.00000000 0.00000000
leftTaxel22_8 0.00000000 0.00000000 0.00000000 0.00000000
leftTaxel22_9 0.00000000 0.00000000 0.00000000 0.00000000
leftTaxel22_11 0.00000000 0.00000000 0.00000000 0.00000000
leftTaxel23_0 0.00000000 0.00000000 0.00000000 0.00000000
leftTaxel23_1 0.00000000 0.00000000 0.00000000 0.00000000
leftTaxel23_2 0.00000000 0.00000000 0.00000000 0.00000000
leftTaxel23_3 0.00000000 0.00000000 0.00000000 0.00000000
leftTaxel23_4 0.00000000 0.00000000 0.00000000 0.00000000
leftTaxel23_5 0.00000000 0.00000000 0.00000000 0.00000000
leftTaxel23_7 0.00000000 0.00000000 0.00000000 0.00000000
leftTaxel23_8 0.00000000 0.00000000 0.00000000 0.00000000
leftTaxel23_9 0.00000000 0.00000000 0.00000000 0.00000000
leftTaxel23_11 0.00000000 0.00000000 0.00000000 0.00000000
leftTaxel25_0 0.00000000 0.00000000 0.00000000 0.00000000
leftTaxel25_1 0.00000000 0.00000000 0.00000000 0.00000000
leftTaxel25_2 0.00000000 0.00000000 0.00000000 0.00000000
leftTaxel25_3 0.00000000 0.00000000 0.00000000 0.00000000
leftTaxel25_4 0.00000000 0.00000000 0.00000000 0.00000000
leftTaxel25_5 0.00000000 0.00000000 0.00000000 0.00000000
leftTaxel25_7 0.00000000 0.00000000 0.00000000 0.00000000
leftTaxel25_8 0.00000000 0.00000000 0.00000000 0.00000000
leftTaxel25_9 0.00000000 0.00000000 0.00000000 0.00000000
leftTaxel25_11 0.00000000 0.00000000 0.00000000 0.00000000
leftTaxel26_0 0.00000000 0.00000000 0.00000000 0.00000000
leftTaxel26_1 0.00000000 0.00000000 0.00000000 0.00000000
leftTaxel26_2 0.00000000 0.00000000 0.00000000 0.00000000
leftTaxel26_3 0.00000000 0.00000000 0.00000000 0.00000000
leftTaxel26_4 0.00000000 0.00000000 0.00000000 0.00000000
leftTaxel26_5 0.00000000 0.00000000 0.00000000 0.00000000
leftTaxel26_7 0.00000000 0.00000000 0.00000000 0.00000000
leftTaxel26_8 0.00000000 0.00000000 0.00000000 0.00000000
leftTaxel26_9 0.00000000 0.00000000 0.00000000 0.00000000
leftTaxel26_11 0.00000000 0.00000000 0.00000000 0.00000000
leftTaxel31_0 0.00000000 0.00000000 0.00000000 0.00000000
leftTaxel31_1 0.00000000 0.00000000 0.00000000 0.00000000
leftTaxel31_2 0.00000000 0.00000000 0.00000000 0.00000000
leftTaxel31_3 0.00000000 0.00000000 0.00000000 0.00000000
leftTaxel31_4 0.00000000 0.00000000 0.00000000 0.00000000
leftTaxel31_5 0.00000000 0.00000000 0.00000000 0.00000000
leftTaxel31_7 0.00000000 0.00000000 0.00000000 0.00000000
leftTaxel31_8 0.00000000 0.00000000 0.00000000 0.00000000
leftTaxel31_9 0.00000000 0.00000000 0.00000000 0.00000000
leftTaxel31_11 0.00000000 0.00000000 0.00000000 0.00000000

rightArmSkin	 a 	 d 	 alpha 	 offset
rightPlastic 0.00430913 -0.00501770 2.79789163 -1.47362295
rightUpperPatch 0.00000000 0.00000000 0.00000000 0.00000000
rightLowerPatch 0.00000000 0.00000000 0.00000000 0.00000000
rightTriangle7 0.00000000 0.00000000 0.00000000 0.00000000
rightTriangle8 0.00000000 0.00000000 0.00000000 0.00000000
rightTriangle9 0.00000000 0.00000000 0.00000000 0.00000000
rightTriangle10 0.00000000 0.00000000 0.00000000 0.00000000
rightTriangle11 0.00000000 0.00000000 0.00000000 0.00000000
rightTriangle14 0.00000000 0.00000000 0.00000000 0.00000000
rightTriangle15 0.00000000 0.00000000 0.00000000 0.00000000
rightTriangle0 0.00000000 0.00000000 0.00000000 0.00000000
rightTriangle13 0.00000000 0.00000000 0.00000000 0.00000000
rightTriangle12 0.00000000 0.00000000 0.00000000 0.00000000
rightTriangle1 0.00000000 0.00000000 0.00000000 0.00000000
rightTriangle2 0.00000000 0.00000000 0.00000000 0.00000000
rightTriangle3 0.00000000 0.00000000 0.00000000 0.00000000
rightTriangle4 0.00000000 0.00000000 0.00000000 0.00000000
rightTriangle5 0.00000000 0.00000000 0.00000000 0.00000000
rightTriangle6 0.00000000 0.00000000 0.00000000 0.00000000
rightTriangle19 0.00000000 0.00000000 0.00000000 0.00000000
rightTriangle22 0.00000000 0.00000000 0.00000000 0.00000000
rightTriangle23 0.00000000 0.00000000 0.00000000 0.00000000
rightTriangle25 0.00000000 0.00000000 0.00000000 0.00000000
rightTriangle26 0.00000000 0.00000000 0.00000000 0.00000000
rightTriangle20 0.00000000 0.00000000 0.00000000 0.00000000
rightTriangle21 0.00000000 0.00000000 0.00000000 0.00000000
rightTriangle31 0.00000000 0.00000000 0.00000000 0.00000000
rightTaxel0_0 0.00000000 0.00000000 0.00000000 0.00000000
rightTaxel0_1 0.00000000 0.00000000 0.00000000 0.00000000
rightTaxel0_2 0.00000000 0.00000000 0.00000000 0.00000000
rightTaxel0_3 0.00000000 0.00000000 0.00000000 0.00000000
rightTaxel0_4 0.00000000 0.00000000 0.00000000 0.00000000
rightTaxel0_5 0.00000000 0.00000000 0.00000000 0.00000000
rightTaxel0_7 0.00000000 0.00000000 0.00000000 0.00000000
rightTaxel0_8 0.00000000 0.00000000 0.00000000 0.00000000
rightTaxel0_9 0.00000000 0.00000000 0.00000000 0.00000000
rightTaxel0_11 0.00000000 0.00000000 0.00000000 0.00000000
rightTaxel1_0 0.00000000 0.00000000 0.00000000 0.00000000
rightTaxel1_1 0.00000000 0.00000000 0.00000000 0.00000000
rightTaxel1_2 0.00000000 0.00000000 0.00000000 0.00000000
rightTaxel1_3 0.00000000 0.00000000 0.00000000 0.00000000
rightTaxel1_4 0.00000000 0.00000000 0.00000000 0.00000000
rightTaxel1_5 0.00000000 0.00000000 0.00000000 0.00000000
rightTaxel1_7 0.00000000 0.00000000 0.00000000 0.00000000
rightTaxel1_8 0.00000000 0.00000000 0.00000000 0.00000000
rightTaxel1_9 0.00000000 0.00000000 0.00000000 0.00000000
rightTaxel1_11 0.00000000 0.00000000 0.00000000 0.00000000
rightTaxel2_0 0.00000000 0.00000000 0.00000000 0.00000000
rightTaxel2_1 0.00000000 0.00000000 0.00000000 0.00000000
rightTaxel2_2 0.00000000 0.00000000 0.00000000 0.00000000
rightTaxel2_3 0.00000000 0.00000000 0.00000000 0.00000000
rightTaxel2_4 0.00000000 0.00000000 0.00000000 0.00000000
rightTaxel2_5 0.00000000 0.00000000 0.00000000 0.00000000
rightTaxel2_7 0.00000000 0.00000000 0.00000000 0.00000000
rightTaxel2_8 0.00000000 0.00000000 0.00000000 0.00000000
rightTaxel2_9 0.00000000 0.00000000 0.00000000 0.00000000
rightTaxel2_11 0.00000000 0.00000000 0.00000000 0.00000000
rightTaxel3_0 0.00000000 0.00000000 0.00000000 0.00000000
rightTaxel3_1 0.00000000 0.00000000 0.00000000 0.00000000
rightTaxel3_2 0.00000000 0.00000000 0.00000000 0.00000000
rightTaxel3_3 0.00000000 0.00000000 0.00000000 0.00000000
rightTaxel3_4 0.00000000 0.00000000 0.00000000 0.00000000
rightTaxel3_5 0.00000000 0.00000000 0.00000000 0.00000000
rightTaxel3_7 0.00000000 0.00000000 0.00000000 0.00000000
rightTaxel3_8 0.00000000 0.00000000 0.00000000 0.00000000
rightTaxel3_9 0.00000000 0.00000000 0.00000000 0.00000000
rightTaxel3_11 0.00000000 0.00000000 0.00000000 0.00000000
rightTaxel4_0 0.00000000 0.00000000 0.00000000 0.00000000
rightTaxel4_1 0.00000000 0.00000000 0.00000000 0.00000000
rightTaxel4_2 0.00000000 0.00000000 0.00000000 0.00000000
rightTaxel4_3 0.00000000 0.00000000 0.00000000 0.00000000
rightTaxel4_4 0.00000000 0.00000000 0.00000000 0.00000000
rightTaxel4_5 0.00000000 0.00000000 0.00000000 0.00000000
rightTaxel4_7 0.00000000 0.00000000 0.00000000 0.00000000
rightTaxel4_8 0.00000000 0.00000000 0.00000000 0.00000000
rightTaxel4_9 0.00000000 0.00000000 0.00000000 0.00000000
rightTaxel4_11 0.00000000 0.00000000 0.00000000 0.00000000
rightTaxel5_0 0.00000000 0.00000000 0.00000000 0.00000000
rightTaxel5_1 0.00000000 0.00000000 0.00000000 0.00000000
rightTaxel5_2 0.00000000 0.00000000 0.00000000 0.00000000
rightTaxel5_3 0.00000000 0.00000000 0.00000000 0.00000000
rightTaxel5_4 0.00000000 0.00000000 0.00000000 0.00000000
rightTaxel5_5 0.00000000 0.00000000 0.00000000 0.00000000
rightTaxel5_7 0.00000000 0.00000000 0.00000000 0.00000000
rightTaxel5_8 0.00000000 0.00000000 0.00000000 0.00000000
rightTaxel5_9 0.00000000 0.00000000 0.00000000 0.00000000
rightTaxel5_11 0.00000000 0.00000000 0.00000000 0.00000000
rightTaxel6_0 0.00000000 0.00000000 0.00000000 0.00000000
rightTaxel6_1 0.00000000 0.00000000 0.00000000 0.00000000
rightTaxel6_2 0.00000000 0.00000000 0.00000000 0.00000000
rightTaxel6_3 0.00000000 0.00000000 0.00000000 0.00000000
rightTaxel6_4 0.00000000 0.00000000 0.00000000 0.00000000
rightTaxel6_5 0.00000000 0.00000000 0.00000000 0.00000000
rightTaxel6_7 0.00000000 0.00000000 0.00000000 0.00000000
rightTaxel6_8 0.00000000 0.00000000 0.00000000 0.00000000
rightTaxel6_9 0.00000000 0.00000000 0.00000000 0.00000000
rightTaxel6_11 0.00000000 0.00000000 0.00000000 0.00000000
rightTaxel7_0 0.00000000 0.00000000 0.00000000 0.00000000
rightTaxel7_1 0.00000000 0.00000000 0.00000000 0.00000000
rightTaxel7_2 0.00000000 0.00000000 0.00000000 0.00000000
rightTaxel7_3 0.00000000 0.00000000 0.00000000 0.00000000
rightTaxel7_4 0.00000000 0.00000000 0.00000000 0.00000000
rightTaxel7_5 0.00000000 0.00000000 0.00000000 0.00000000
rightTaxel7_7 0.00000000 0.00000000 0.00000000 0.00000000
rightTaxel7_8 0.00000000 0.00000000 0.00000000 0.00000000
rightTaxel7_9 0.00000000 0.00000000 0.00000000 0.00000000
rightTaxel7_11 0.00000000 0.00000000 0.00000000 0.00000000
rightTaxel8_0 0.00000000 0.00000000 0.00000000 0.00000000
rightTaxel8_1 0.00000000 0.00000000 0.00000000 0.00000000
rightTaxel8_2 0.00000000 0.00000000 0.00000000 0.00000000
rightTaxel8_3 0.00000000 0.00000000 0.00000000 0.00000000
rightTaxel8_4 0.00000000 0.00000000 0.00000000 0.00000000
rightTaxel8_5 0.00000000 0.00000000 0.00000000 0.00000000
rightTaxel8_7 0.00000000 0.00000000 0.00000000 0.00000000
rightTaxel8_8 0.00000000 0.00000000 0.00000000 0.00000000
rightTaxel8_9 0.00000000 0.00000000 0.00000000 0.00000000
rightTaxel8_11 0.00000000 0.00000000 0.00000000 0.00000000
rightTaxel9_0 0.00000000 0.00000000 0.00000000 0.00000000
rightTaxel9_1 0.00000000 0.00000000 0.00000000 0.00000000
rightTaxel9_2 0.00000000 0.00000000 0.00000000 0.00000000
rightTaxel9_3 0.00000000 0.00000000 0.00000000 0.00000000
rightTaxel9_4 0.00000000 0.00000000 0.00000000 0.00000000
rightTaxel9_5 0.00000000 0.00000000 0.00000000 0.00000000
rightTaxel9_7 0.00000000 0.00000000 0.00000000 0.00000000
rightTaxel9_8 0.00000000 0.00000000 0.00000000 0.00000000
rightTaxel9_9 0.00000000 0.00000000 0.00000000 0.00000000
rightTaxel9_11 0.00000000 0.00000000 0.00000000 0.00000000
rightTaxel10_0 0.00000000 0.00000000 0.00000000 0.00000000
rightTaxel10_1 0.00000000 0.00000000 0.00000000 0.00000000
rightTaxel10_2 0.00000000 0.00000000 0.00000000 0.00000000
rightTaxel10_3 0.00000000 0.00000000 0.00000000 0.00000000
rightTaxel10_4 0.00000000 0.00000000 0.00000000 0.00000000
rightTaxel10_5 0.00000000 0.00000000 0.00000000 0.00000000
rightTaxel10_7 0.00000000 0.00000000 0.00000000 0.00000000
rightTaxel10_8 0.00000000 0.00000000 0.00000000 0.00000000
rightTaxel10_9 0.00000000 0.00000000 0.00000000 0.00000000
rightTaxel10_11 0.00000000 0.00000000 0.00000000 0.00000000
rightTaxel11_0 0.00000000 0.00000000 0.00000000 0.00000000
rightTaxel11_1 0.00000000 0.00000000 0.00000000 0.00000000
rightTaxel11_2 0.00000000 0.00000000 0.00000000 0.00000000
rightTaxel11_3 0.00000000 0.00000000 0.00000000 0.00000000
rightTaxel11_4 0.00000000 0.00000000 0.00000000 0.00000000
rightTaxel11_5 0.00000000 0.00000000 0.00000000 0.00000000
rightTaxel11_7 0.00000000 0.00000000 0.00000000 0.00000000
rightTaxel11_8 0.00000000 0.00000000 0.00000000 0.00000000
rightTaxel11_9 0.00000000 0.00000000 0.00000000 0.00000000
rightTaxel11_11 0.00000000 0.00000000 0.00000000 0.00000000
rightTaxel12_0 0.00000000 0.00000000 0.00000000 0.00000000
rightTaxel12_1 0.00000000 0.00000000 0.00000000 0.00000000
rightTaxel12_2 0.00000000 0.00000000 0.00000000 0.00000000
rightTaxel12_3 0.00000000 0.00000000 0.00000000 0.00000000
rightTaxel12_4 0.00000000 0.00000000 0.00000000 0.00000000
rightTaxel12_5 0.00000000 0.00000000 0.00000000 0.00000000
rightTaxel12_7 0.00000000 0.00000000 0.00000000 0.00000000
rightTaxel12_8 0.00000000 0.00000000 0.00000000 0.00000000
rightTaxel12_9 0.00000000 0.00000000 0.00000000 0.00000000
rightTaxel12_11 0.00000000 0.00000000 0.00000000 0.00000000
rightTaxel13_0 0.00000000 0.00000000 0.00000000 0.00000000
rightTaxel13_1 0.00000000 0.00000000 0.00000000 0.00000000
rightTaxel13_2 0.00000000 0.00000000 0.00000000 0.00000000
rightTaxel13_3 0.00000000 0.00000000 0.00000000 0.00000000
rightTaxel13_4 0.00000000 0.00000000 0.00000000 0.00000000
rightTaxel13_5 0.00000000 0.00000000 0.00000000 0.00000000
rightTaxel13_7 0.00000000 0.00000000 0.00000000 0.00000000
rightTaxel13_8 0.00000000 0.00000000 0.00000000 0.00000000
rightTaxel13_9 0.00000000 0.00000000 0.00000000 0.00000000
rightTaxel13_11 0.00000000 0.00000000 0.00000000 0.00000000
rightTaxel14_0 0.00000000 0.00000000 0.00000000 0.00000000
rightTaxel14_1 0.00000000 0.00000000 0.00000000 0.00000000
rightTaxel14_2 0.00000000 0.00000000 0.00000000 0.00000000
rightTaxel14_3 0.00000000 0.00000000 0.00000000 0.00000000
rightTaxel14_4 0.00000000 0.00000000 0.00000000 0.00000000
rightTaxel14_5 0.00000000 0.00000000 0.00000000 0.00000000
rightTaxel14_7 0.00000000 0.00000000 0.00000000 0.00000000
rightTaxel14_8 0.00000000 0.00000000 0.00000000 0.00000000
rightTaxel14_9 0.00000000 0.00000000 0.00000000 0.00000000
rightTaxel14_11 0.00000000 0.00000000 0.00000000 0.00000000
rightTaxel15_0 0.00000000 0.00000000 0.00000000 0.00000000
rightTaxel15_1 0.00000000 0.00000000 0.00000000 0.00000000
rightTaxel15_2 0.00000000 0.00000000 0.00000000 0.00000000
rightTaxel15_3 0.00000000 0.00000000 0.00000000 0.00000000
rightTaxel15_4 0.00000000 0.00000000 0.00000000 0.00000000
rightTaxel15_5 0.00000000 0.00000000 0.00000000 0.00000000
rightTaxel15_7 0.00000000 0.00000000 0.00000000 0.00000000
rightTaxel15_8 0.00000000 0.00000000 0.00000000 0.00000000
rightTaxel15_9 0.00000000 0.00000000 0.00000000 0.00000000
rightTaxel15_11 0.00000000 0.00000000 0.00000000 0.00000000
rightTaxel19_0 0.00000000 0.00000000 0.00000000 0.00000000
rightTaxel19_1 0.00000000 0.00000000 0.00000000 0.00000000
rightTaxel19_2 0.00000000 0.00000000 0.00000000 0.00000000
rightTaxel19_3 0.00000000 0.00000000 0.00000000 0.00000000
rightTaxel19_4 0.00000000 0.00000000 0.00000000 0.00000000
rightTaxel19_5 0.00000000 0.00000000 0.00000000 0.00000000
rightTaxel19_7 0.00000000 0.00000000 0.00000000 0.00000000
rightTaxel19_8 0.00000000 0.00000000 0.00000000 0.00000000
rightTaxel19_9 0.00000000 0.00000000 0.00000000 0.00000000
rightTaxel19_11 0.00000000 0.00000000 0.00000000 0.00000000
rightTaxel20_0 0.00000000 0.00000000 0.00000000 0.00000000
rightTaxel20_1 0.00000000 0.00000000 0.00000000 0.00000000
rightTaxel20_2 0.00000000 0.00000000 0.00000000 0.00000000
rightTaxel20_3 0.00000000 0.00000000 0.00000000 0.00000000
rightTaxel20_4 0.00000000 0.00000000 0.00000000 0.00000000
rightTaxel20_5 0.00000000 0.00000000 0.00000000 0.00000000
rightTaxel20_7 0.00000000 0.00000000 0.00000000 0.00000000
rightTaxel20_8 0.00000000 0.00000000 0.00000000 0.00000000
rightTaxel20_9 0.00000000 0.00000000 0.00000000 0.00000000
rightTaxel20_11 0.00000000 0.00000000 0.00000000 0.00000000
rightTaxel21_0 0.00000000 0.00000000 0.00000000 0.00000000
rightTaxel21_1 0.00000000 0.00000000 0.00000000 0.00000000
rightTaxel21_2 0.00000000 0.00000000 0.00000000 0.00000000
rightTaxel21_3 0.00000000 0.00000000 0.00000000 0.00000000
rightTaxel21_4 0.00000000 0.00000000 0.00000000 0.00000000
rightTaxel21_5 0.00000000 0.00000000 0.00000000 0.00000000
rightTaxel21_7 0.00000000 0.00000000 0.00000000 0.00000000
rightTaxel21_8 0.00000000 0.00000000 0.00000000 0.00000000
rightTaxel21_9 0.00000000 0.00000000 0.00000000 0.00000000
rightTaxel21_11 0.00000000 0.00000000 0.00000000 0.00000000
rightTaxel22_0 0.00000000 0.00000000 0.00000000 0.00000000
rightTaxel22_1 0.00000000 0.00000000 0.00000000 0.00000000
rightTaxel22_2 0.00000000 0.00000000 0.00000000 0.00000000
rightTaxel22_3 0.00000000 0.00000000 0.00000000 0.00000000
rightTaxel22_4 0.00000000 0.00000000 0.00000000 0.00000000
rightTaxel22_5 0.00000000 0.00000000 0.00000000 0.00000000
rightTaxel22_7 0.00000000 0.00000000 0.00000000 0.00000000
rightTaxel22_8 0.00000000 0.00000000 0.00000000 0.00000000
rightTaxel22_9 0.00000000 0.00000000 0.00000000 0.00000000
rightTaxel22_11 0.00000000 0.00000000 0.00000000 0.00000000
rightTaxel23_0 0.00000000 0.00000000 0.00000000 0.00000000
rightTaxel23_1 0.00000000 0.00000000 0.00000000 0.00000000
rightTaxel23_2 0.00000000 0.00000000 0.00000000 0.00000000
rightTaxel23_3 0.00000000 0.00000000 0.00000000 0.00000000
rightTaxel23_4 0.00000000 0.00000000 0.00000000 0.00000000
rightTaxel23_5 0.00000000 0.00000000 0.00000000 0.00000000
rightTaxel23_7 0.00000000 0.00000000 0.00000000 0.00000000
rightTaxel23_8 0.00000000 0.00000000 0.00000000 0.00000000
rightTaxel23_9 0.00000000 0.00000000 0.00000000 0.00000000
rightTaxel23_11 0.00000000 0.00000000 0.00000000 0.00000000
rightTaxel25_0 0.00000000 0.00000000 0.00000000 0.00000000
rightTaxel25_1 0.00000000 0.00000000 0.00000000 0.00000000
rightTaxel25_2 0.00000000 0.00000000 0.00000000 0.00000000
rightTaxel25_3 0.00000000 0.00000000 0.00000000 0.00000000
rightTaxel25_4 0.00000000 0.00000000 0.00000000 0.00000000
rightTaxel25_5 0.00000000 0.00000000 0.00000000 0.00000000
rightTaxel25_7 0.00000000 0.00000000 0.00000000 0.00000000
rightTaxel25_8 0.00000000 0.00000000 0.00000000 0.00000000
rightTaxel25_9 0.00000000 0.00000000 0.00000000 0.00000000
rightTaxel25_11 0.00000000 0.00000000 0.00000000 0.00000000
rightTaxel26_0 0.00000000 0.00000000 0.00000000 0.00000000
rightTaxel26_1 0.00000000 0.00000000 0.00000000 0.00000000
rightTaxel26_2 0.00000000 0.00000000 0.00000000 0.00000000
rightTaxel26_3 0.00000000 0.00000000 0.00000000 0.00000000
rightTaxel26_4 0.00000000 0.00000000 0.00000000 0.00000000
rightTaxel26_5 0.00000000 0.00000000 0.00000000 0.00000000
rightTaxel26_7 0.00000000 0.00000000 0.00000000 0.00000000
rightTaxel26_8 0.00000000 0.00000000 0.00000000 0.00000000
rightTaxel26_9 0.00000000 0.00000000 0.00000000 0.00000000
rightTaxel26_11 0.00000000 0.00000000 0.00000000 0.00000000
rightTaxel31_0 0.00000000 0.00000000 0.00000000 0.00000000
rightTaxel31_1 0.00000000 0.00000000 0.00000000 0.00000000
rightTaxel31_2 0.00000000 0.00000000 0.00000000 0.00000000
rightTaxel31_3 0.00000000 0.00000000 0.00000000 0.00000000
rightTaxel31_4 0.00000000 0.00000000 0.00000000 0.00000000
rightTaxel31_5 0.00000000 0.00000000 0.00000000 0.00000000
rightTaxel31_7 0.00000000 0.00000000 0.00000000 0.00000000
rightTaxel31_8 0.00000000 0.00000000 0.00000000 0.00000000
rightTaxel31_9 0.00000000 0.00000000 0.00000000 0.00000000
rightTaxel31_11 0.00000000 0.00000000 0.00000000 0.00000000

